                 932
         1             1             1             1    4.308204081632652    0.000000000000000    
         1             2             2             1    4.308204081632652    0.000000000000000    
         1             3             1             3    0.633674376417233    0.000000000000000    
         1             3             3             1    3.674529705215418    0.000000000000000    
         1             4             2             3    0.633674376417233    0.000000000000000    
         1             4             4             1    3.674529705215418    0.000000000000000    
         1             5             1             5    0.502851700680272    0.000000000000000    
         1             5             3             3    0.160224401170568    0.000000000000000    
         1             5             5             1    3.543707029478457    0.000000000000000    
         1             6             2             5    0.502851700680272    0.000000000000000    
         1             6             4             3    0.160224401170568    0.000000000000000    
         1             6             6             1    3.543707029478457    0.000000000000000    
         1             7             1             7    0.241206349206349    0.000000000000000    
         1             7             3             5    0.320448802341137    0.000000000000000    
         1             7             5             3    -0.160224401170568    0.000000000000000    
         1             7             7             1    3.674529705215418    0.000000000000000    
         1             8             2             7    0.241206349206349    0.000000000000000    
         1             8             4             5    0.320448802341137    0.000000000000000    
         1             8             6             3    -0.160224401170568    0.000000000000000    
         1             8             8             1    3.674529705215418    0.000000000000000    
         1             9             1             9    0.482412698412699    0.000000000000000    
         1             9             3             7    -0.241206349206349    0.000000000000000    
         1             9             5             5    0.502851700680272    0.000000000000000    
         1             9             7             3    -0.633674376417233    0.000000000000000    
         1             9             9             1    4.308204081632652    0.000000000000000    
         1            10             2             9    0.482412698412699    0.000000000000000    
         1            10             4             7    -0.241206349206349    0.000000000000000    
         1            10             6             5    0.502851700680272    0.000000000000000    
         1            10             8             3    -0.633674376417233    0.000000000000000    
         1            10            10             1    4.308204081632652    0.000000000000000    
         1            21             1            21    0.942039183673470    0.000000000000000    
         1            21            21             1    4.637217142857142    0.000000000000000    
         1            22             2            21    0.942039183673470    0.000000000000000    
         1            22            22             1    4.637217142857142    0.000000000000000    
         1            23             1            23    0.080595918367347    0.000000000000000    
         1            23             3            21    0.609132374505441    0.000000000000000    
         1            23            21             3    0.374370614231406    0.000000000000000    
         1            23            23             1    4.107777142857142    0.000000000000000    
         1            24             2            23    0.080595918367347    0.000000000000000    
         1            24             4            21    0.609132374505441    0.000000000000000    
         1            24            22             3    0.374370614231406    0.000000000000000    
         1            24            24             1    4.107777142857142    0.000000000000000    
         1            25             1            25    0.241787755102041    0.000000000000000    
         1            25             3            23    -0.113979840827017    0.000000000000000    
         1            25             5            21    0.417489032176501    0.000000000000000    
         1            25            21             5    0.432285949806375    0.000000000000000    
         1            25            23             3    -0.374370614231406    0.000000000000000    
         1            25            25             1    4.637217142857142    0.000000000000000    
         1            26             2            25    0.241787755102041    0.000000000000000    
         1            26             4            23    -0.113979840827017    0.000000000000000    
         1            26             6            21    0.417489032176501    0.000000000000000    
         1            26            22             5    0.432285949806375    0.000000000000000    
         1            26            24             3    -0.374370614231406    0.000000000000000    
         1            26            26             1    4.637217142857142    0.000000000000000    
         2             1             1             2    4.308204081632652    0.000000000000000    
         2             2             2             2    4.308204081632652    0.000000000000000    
         2             3             1             4    0.633674376417233    0.000000000000000    
         2             3             3             2    3.674529705215418    0.000000000000000    
         2             4             2             4    0.633674376417233    0.000000000000000    
         2             4             4             2    3.674529705215418    0.000000000000000    
         2             5             1             6    0.502851700680272    0.000000000000000    
         2             5             3             4    0.160224401170568    0.000000000000000    
         2             5             5             2    3.543707029478457    0.000000000000000    
         2             6             2             6    0.502851700680272    0.000000000000000    
         2             6             4             4    0.160224401170568    0.000000000000000    
         2             6             6             2    3.543707029478457    0.000000000000000    
         2             7             1             8    0.241206349206349    0.000000000000000    
         2             7             3             6    0.320448802341137    0.000000000000000    
         2             7             5             4    -0.160224401170568    0.000000000000000    
         2             7             7             2    3.674529705215418    0.000000000000000    
         2             8             2             8    0.241206349206349    0.000000000000000    
         2             8             4             6    0.320448802341137    0.000000000000000    
         2             8             6             4    -0.160224401170568    0.000000000000000    
         2             8             8             2    3.674529705215418    0.000000000000000    
         2             9             1            10    0.482412698412699    0.000000000000000    
         2             9             3             8    -0.241206349206349    0.000000000000000    
         2             9             5             6    0.502851700680272    0.000000000000000    
         2             9             7             4    -0.633674376417233    0.000000000000000    
         2             9             9             2    4.308204081632652    0.000000000000000    
         2            10             2            10    0.482412698412699    0.000000000000000    
         2            10             4             8    -0.241206349206349    0.000000000000000    
         2            10             6             6    0.502851700680272    0.000000000000000    
         2            10             8             4    -0.633674376417233    0.000000000000000    
         2            10            10             2    4.308204081632652    0.000000000000000    
         2            21             1            22    0.942039183673470    0.000000000000000    
         2            21            21             2    4.637217142857142    0.000000000000000    
         2            22             2            22    0.942039183673470    0.000000000000000    
         2            22            22             2    4.637217142857142    0.000000000000000    
         2            23             1            24    0.080595918367347    0.000000000000000    
         2            23             3            22    0.609132374505441    0.000000000000000    
         2            23            21             4    0.374370614231406    0.000000000000000    
         2            23            23             2    4.107777142857142    0.000000000000000    
         2            24             2            24    0.080595918367347    0.000000000000000    
         2            24             4            22    0.609132374505441    0.000000000000000    
         2            24            22             4    0.374370614231406    0.000000000000000    
         2            24            24             2    4.107777142857142    0.000000000000000    
         2            25             1            26    0.241787755102041    0.000000000000000    
         2            25             3            24    -0.113979840827017    0.000000000000000    
         2            25             5            22    0.417489032176501    0.000000000000000    
         2            25            21             6    0.432285949806375    0.000000000000000    
         2            25            23             4    -0.374370614231406    0.000000000000000    
         2            25            25             2    4.637217142857142    0.000000000000000    
         2            26             2            26    0.241787755102041    0.000000000000000    
         2            26             4            24    -0.113979840827017    0.000000000000000    
         2            26             6            22    0.417489032176501    0.000000000000000    
         2            26            22             6    0.432285949806375    0.000000000000000    
         2            26            24             4    -0.374370614231406    0.000000000000000    
         2            26            26             2    4.637217142857142    0.000000000000000    
         3             1             1             3    3.674529705215418    0.000000000000000    
         3             1             3             1    0.633674376417233    0.000000000000000    
         3             2             2             3    3.674529705215418    0.000000000000000    
         3             2             4             1    0.633674376417233    0.000000000000000    
         3             3             1             5    0.160224401170568    0.000000000000000    
         3             3             3             3    4.111970068027209    0.000000000000000    
         3             3             5             1    0.160224401170568    0.000000000000000    
         3             4             2             5    0.160224401170568    0.000000000000000    
         3             4             4             3    4.111970068027209    0.000000000000000    
         3             4             6             1    0.160224401170568    0.000000000000000    
         3             5             1             7    0.320448802341137    0.000000000000000    
         3             5             3             5    0.306617687074830    0.000000000000000    
         3             5             5             3    3.936175056689342    0.000000000000000    
         3             5             7             1    -0.160224401170568    0.000000000000000    
         3             6             2             7    0.320448802341137    0.000000000000000    
         3             6             4             5    0.306617687074830    0.000000000000000    
         3             6             6             3    3.936175056689342    0.000000000000000    
         3             6             8             1    -0.160224401170568    0.000000000000000    
         3             7             1             9    -0.241206349206349    0.000000000000000    
         3             7             3             7    0.874880725623583    0.000000000000000    
         3             7             5             5    -0.306617687074830    0.000000000000000    
         3             7             7             3    4.111970068027209    0.000000000000000    
         3             7             9             1    -0.633674376417233    0.000000000000000    
         3             8             2             9    -0.241206349206349    0.000000000000000    
         3             8             4             7    0.874880725623583    0.000000000000000    
         3             8             6             5    -0.306617687074830    0.000000000000000    
         3             8             8             3    4.111970068027209    0.000000000000000    
         3             8            10             1    -0.633674376417233    0.000000000000000    
         3             9             3             9    0.241206349206349    0.000000000000000    
         3             9             5             7    0.320448802341137    0.000000000000000    
         3             9             7             5    -0.160224401170568    0.000000000000000    
         3             9             9             3    3.674529705215418    0.000000000000000    
         3            10             4             9    0.241206349206349    0.000000000000000    
         3            10             6             7    0.320448802341137    0.000000000000000    
         3            10             8             5    -0.160224401170568    0.000000000000000    
         3            10            10             3    3.674529705215418    0.000000000000000    
         3            21             1            23    0.609132374505441    0.000000000000000    
         3            21             3            21    0.511317551020408    0.000000000000000    
         3            21            21             3    4.372497142857142    0.000000000000000    
         3            21            23             1    0.374370614231406    0.000000000000000    
         3            22             2            23    0.609132374505441    0.000000000000000    
         3            22             4            21    0.511317551020408    0.000000000000000    
         3            22            22             3    4.372497142857142    0.000000000000000    
         3            22            24             1    0.374370614231406    0.000000000000000    
         3            23             1            25    -0.113979840827017    0.000000000000000    
         3            23             3            23    0.591913469387755    0.000000000000000    
         3            23             5            21    0.450822425951107    0.000000000000000    
         3            23            21             5    0.152836163259878    0.000000000000000    
         3            23            23             3    4.637217142857142    0.000000000000000    
         3            23            25             1    -0.374370614231406    0.000000000000000    
         3            24             2            25    -0.113979840827017    0.000000000000000    
         3            24             4            23    0.591913469387755    0.000000000000000    
         3            24             6            21    0.450822425951107    0.000000000000000    
         3            24            22             5    0.152836163259878    0.000000000000000    
         3            24            24             3    4.637217142857142    0.000000000000000    
         3            24            26             1    -0.374370614231406    0.000000000000000    
         3            25             3            25    0.161191836734694    0.000000000000000    
         3            25             5            23    0.155613100228094    0.000000000000000    
         3            25             7            21    0.511317551020408    0.000000000000000    
         3            25            21             7    0.529440000000000    0.000000000000000    
         3            25            23             5    -0.152836163259878    0.000000000000000    
         3            25            25             3    4.372497142857142    0.000000000000000    
         3            26             4            25    0.161191836734694    0.000000000000000    
         3            26             6            23    0.155613100228094    0.000000000000000    
         3            26             8            21    0.511317551020408    0.000000000000000    
         3            26            22             7    0.529440000000000    0.000000000000000    
         3            26            24             5    -0.152836163259878    0.000000000000000    
         3            26            26             3    4.372497142857142    0.000000000000000    
         4             1             1             4    3.674529705215418    0.000000000000000    
         4             1             3             2    0.633674376417233    0.000000000000000    
         4             2             2             4    3.674529705215418    0.000000000000000    
         4             2             4             2    0.633674376417233    0.000000000000000    
         4             3             1             6    0.160224401170568    0.000000000000000    
         4             3             3             4    4.111970068027209    0.000000000000000    
         4             3             5             2    0.160224401170568    0.000000000000000    
         4             4             2             6    0.160224401170568    0.000000000000000    
         4             4             4             4    4.111970068027209    0.000000000000000    
         4             4             6             2    0.160224401170568    0.000000000000000    
         4             5             1             8    0.320448802341137    0.000000000000000    
         4             5             3             6    0.306617687074830    0.000000000000000    
         4             5             5             4    3.936175056689342    0.000000000000000    
         4             5             7             2    -0.160224401170568    0.000000000000000    
         4             6             2             8    0.320448802341137    0.000000000000000    
         4             6             4             6    0.306617687074830    0.000000000000000    
         4             6             6             4    3.936175056689342    0.000000000000000    
         4             6             8             2    -0.160224401170568    0.000000000000000    
         4             7             1            10    -0.241206349206349    0.000000000000000    
         4             7             3             8    0.874880725623583    0.000000000000000    
         4             7             5             6    -0.306617687074830    0.000000000000000    
         4             7             7             4    4.111970068027209    0.000000000000000    
         4             7             9             2    -0.633674376417233    0.000000000000000    
         4             8             2            10    -0.241206349206349    0.000000000000000    
         4             8             4             8    0.874880725623583    0.000000000000000    
         4             8             6             6    -0.306617687074830    0.000000000000000    
         4             8             8             4    4.111970068027209    0.000000000000000    
         4             8            10             2    -0.633674376417233    0.000000000000000    
         4             9             3            10    0.241206349206349    0.000000000000000    
         4             9             5             8    0.320448802341137    0.000000000000000    
         4             9             7             6    -0.160224401170568    0.000000000000000    
         4             9             9             4    3.674529705215418    0.000000000000000    
         4            10             4            10    0.241206349206349    0.000000000000000    
         4            10             6             8    0.320448802341137    0.000000000000000    
         4            10             8             6    -0.160224401170568    0.000000000000000    
         4            10            10             4    3.674529705215418    0.000000000000000    
         4            21             1            24    0.609132374505441    0.000000000000000    
         4            21             3            22    0.511317551020408    0.000000000000000    
         4            21            21             4    4.372497142857142    0.000000000000000    
         4            21            23             2    0.374370614231406    0.000000000000000    
         4            22             2            24    0.609132374505441    0.000000000000000    
         4            22             4            22    0.511317551020408    0.000000000000000    
         4            22            22             4    4.372497142857142    0.000000000000000    
         4            22            24             2    0.374370614231406    0.000000000000000    
         4            23             1            26    -0.113979840827017    0.000000000000000    
         4            23             3            24    0.591913469387755    0.000000000000000    
         4            23             5            22    0.450822425951107    0.000000000000000    
         4            23            21             6    0.152836163259878    0.000000000000000    
         4            23            23             4    4.637217142857142    0.000000000000000    
         4            23            25             2    -0.374370614231406    0.000000000000000    
         4            24             2            26    -0.113979840827017    0.000000000000000    
         4            24             4            24    0.591913469387755    0.000000000000000    
         4            24             6            22    0.450822425951107    0.000000000000000    
         4            24            22             6    0.152836163259878    0.000000000000000    
         4            24            24             4    4.637217142857142    0.000000000000000    
         4            24            26             2    -0.374370614231406    0.000000000000000    
         4            25             3            26    0.161191836734694    0.000000000000000    
         4            25             5            24    0.155613100228094    0.000000000000000    
         4            25             7            22    0.511317551020408    0.000000000000000    
         4            25            21             8    0.529440000000000    0.000000000000000    
         4            25            23             6    -0.152836163259878    0.000000000000000    
         4            25            25             4    4.372497142857142    0.000000000000000    
         4            26             4            26    0.161191836734694    0.000000000000000    
         4            26             6            24    0.155613100228094    0.000000000000000    
         4            26             8            22    0.511317551020408    0.000000000000000    
         4            26            22             8    0.529440000000000    0.000000000000000    
         4            26            24             6    -0.152836163259878    0.000000000000000    
         4            26            26             4    4.372497142857142    0.000000000000000    
         5             1             1             5    3.543707029478457    0.000000000000000    
         5             1             3             3    0.160224401170568    0.000000000000000    
         5             1             5             1    0.502851700680272    0.000000000000000    
         5             2             2             5    3.543707029478457    0.000000000000000    
         5             2             4             3    0.160224401170568    0.000000000000000    
         5             2             6             1    0.502851700680272    0.000000000000000    
         5             3             1             7    -0.160224401170568    0.000000000000000    
         5             3             3             5    3.936175056689342    0.000000000000000    
         5             3             5             3    0.306617687074830    0.000000000000000    
         5             3             7             1    0.320448802341137    0.000000000000000    
         5             4             2             7    -0.160224401170568    0.000000000000000    
         5             4             4             5    3.936175056689342    0.000000000000000    
         5             4             6             3    0.306617687074830    0.000000000000000    
         5             4             8             1    0.320448802341137    0.000000000000000    
         5             5             1             9    0.502851700680272    0.000000000000000    
         5             5             3             7    -0.306617687074830    0.000000000000000    
         5             5             5             5    4.549410430839001    0.000000000000000    
         5             5             7             3    -0.306617687074830    0.000000000000000    
         5             5             9             1    0.502851700680272    0.000000000000000    
         5             6             2             9    0.502851700680272    0.000000000000000    
         5             6             4             7    -0.306617687074830    0.000000000000000    
         5             6             6             5    4.549410430839001    0.000000000000000    
         5             6             8             3    -0.306617687074830    0.000000000000000    
         5             6            10             1    0.502851700680272    0.000000000000000    
         5             7             3             9    0.320448802341137    0.000000000000000    
         5             7             5             7    0.306617687074830    0.000000000000000    
         5             7             7             5    3.936175056689342    0.000000000000000    
         5             7             9             3    -0.160224401170568    0.000000000000000    
         5             8             4             9    0.320448802341137    0.000000000000000    
         5             8             6             7    0.306617687074830    0.000000000000000    
         5             8             8             5    3.936175056689342    0.000000000000000    
         5             8            10             3    -0.160224401170568    0.000000000000000    
         5             9             5             9    0.502851700680272    0.000000000000000    
         5             9             7             7    0.160224401170568    0.000000000000000    
         5             9             9             5    3.543707029478457    0.000000000000000    
         5            10             6             9    0.502851700680272    0.000000000000000    
         5            10             8             7    0.160224401170568    0.000000000000000    
         5            10            10             5    3.543707029478457    0.000000000000000    
         5            21             1            25    0.417489032176501    0.000000000000000    
         5            21             3            23    0.450822425951107    0.000000000000000    
         5            21             5            21    0.251035102040816    0.000000000000000    
         5            21            21             5    4.284257142857142    0.000000000000000    
         5            21            23             3    0.152836163259878    0.000000000000000    
         5            21            25             1    0.432285949806375    0.000000000000000    
         5            22             2            25    0.417489032176501    0.000000000000000    
         5            22             4            23    0.450822425951107    0.000000000000000    
         5            22             6            21    0.251035102040816    0.000000000000000    
         5            22            22             5    4.284257142857142    0.000000000000000    
         5            22            24             3    0.152836163259878    0.000000000000000    
         5            22            26             1    0.432285949806375    0.000000000000000    
         5            23             3            25    0.155613100228094    0.000000000000000    
         5            23             5            23    0.762352653061225    0.000000000000000    
         5            23             7            21    0.155613100228094    0.000000000000000    
         5            23            21             7    -0.152836163259878    0.000000000000000    
         5            23            23             5    4.813697142857142    0.000000000000000    
         5            23            25             3    -0.152836163259878    0.000000000000000    
         5            24             4            25    0.155613100228094    0.000000000000000    
         5            24             6            23    0.762352653061225    0.000000000000000    
         5            24             8            21    0.155613100228094    0.000000000000000    
         5            24            22             7    -0.152836163259878    0.000000000000000    
         5            24            24             5    4.813697142857142    0.000000000000000    
         5            24            26             3    -0.152836163259878    0.000000000000000    
         5            25             5            25    0.251035102040816    0.000000000000000    
         5            25             7            23    0.450822425951107    0.000000000000000    
         5            25             9            21    0.417489032176501    0.000000000000000    
         5            25            21             9    0.432285949806375    0.000000000000000    
         5            25            23             7    0.152836163259878    0.000000000000000    
         5            25            25             5    4.284257142857142    0.000000000000000    
         5            26             6            25    0.251035102040816    0.000000000000000    
         5            26             8            23    0.450822425951107    0.000000000000000    
         5            26            10            21    0.417489032176501    0.000000000000000    
         5            26            22             9    0.432285949806375    0.000000000000000    
         5            26            24             7    0.152836163259878    0.000000000000000    
         5            26            26             5    4.284257142857142    0.000000000000000    
         6             1             1             6    3.543707029478457    0.000000000000000    
         6             1             3             4    0.160224401170568    0.000000000000000    
         6             1             5             2    0.502851700680272    0.000000000000000    
         6             2             2             6    3.543707029478457    0.000000000000000    
         6             2             4             4    0.160224401170568    0.000000000000000    
         6             2             6             2    0.502851700680272    0.000000000000000    
         6             3             1             8    -0.160224401170568    0.000000000000000    
         6             3             3             6    3.936175056689342    0.000000000000000    
         6             3             5             4    0.306617687074830    0.000000000000000    
         6             3             7             2    0.320448802341137    0.000000000000000    
         6             4             2             8    -0.160224401170568    0.000000000000000    
         6             4             4             6    3.936175056689342    0.000000000000000    
         6             4             6             4    0.306617687074830    0.000000000000000    
         6             4             8             2    0.320448802341137    0.000000000000000    
         6             5             1            10    0.502851700680272    0.000000000000000    
         6             5             3             8    -0.306617687074830    0.000000000000000    
         6             5             5             6    4.549410430839001    0.000000000000000    
         6             5             7             4    -0.306617687074830    0.000000000000000    
         6             5             9             2    0.502851700680272    0.000000000000000    
         6             6             2            10    0.502851700680272    0.000000000000000    
         6             6             4             8    -0.306617687074830    0.000000000000000    
         6             6             6             6    4.549410430839001    0.000000000000000    
         6             6             8             4    -0.306617687074830    0.000000000000000    
         6             6            10             2    0.502851700680272    0.000000000000000    
         6             7             3            10    0.320448802341137    0.000000000000000    
         6             7             5             8    0.306617687074830    0.000000000000000    
         6             7             7             6    3.936175056689342    0.000000000000000    
         6             7             9             4    -0.160224401170568    0.000000000000000    
         6             8             4            10    0.320448802341137    0.000000000000000    
         6             8             6             8    0.306617687074830    0.000000000000000    
         6             8             8             6    3.936175056689342    0.000000000000000    
         6             8            10             4    -0.160224401170568    0.000000000000000    
         6             9             5            10    0.502851700680272    0.000000000000000    
         6             9             7             8    0.160224401170568    0.000000000000000    
         6             9             9             6    3.543707029478457    0.000000000000000    
         6            10             6            10    0.502851700680272    0.000000000000000    
         6            10             8             8    0.160224401170568    0.000000000000000    
         6            10            10             6    3.543707029478457    0.000000000000000    
         6            21             1            26    0.417489032176501    0.000000000000000    
         6            21             3            24    0.450822425951107    0.000000000000000    
         6            21             5            22    0.251035102040816    0.000000000000000    
         6            21            21             6    4.284257142857142    0.000000000000000    
         6            21            23             4    0.152836163259878    0.000000000000000    
         6            21            25             2    0.432285949806375    0.000000000000000    
         6            22             2            26    0.417489032176501    0.000000000000000    
         6            22             4            24    0.450822425951107    0.000000000000000    
         6            22             6            22    0.251035102040816    0.000000000000000    
         6            22            22             6    4.284257142857142    0.000000000000000    
         6            22            24             4    0.152836163259878    0.000000000000000    
         6            22            26             2    0.432285949806375    0.000000000000000    
         6            23             3            26    0.155613100228094    0.000000000000000    
         6            23             5            24    0.762352653061225    0.000000000000000    
         6            23             7            22    0.155613100228094    0.000000000000000    
         6            23            21             8    -0.152836163259878    0.000000000000000    
         6            23            23             6    4.813697142857142    0.000000000000000    
         6            23            25             4    -0.152836163259878    0.000000000000000    
         6            24             4            26    0.155613100228094    0.000000000000000    
         6            24             6            24    0.762352653061225    0.000000000000000    
         6            24             8            22    0.155613100228094    0.000000000000000    
         6            24            22             8    -0.152836163259878    0.000000000000000    
         6            24            24             6    4.813697142857142    0.000000000000000    
         6            24            26             4    -0.152836163259878    0.000000000000000    
         6            25             5            26    0.251035102040816    0.000000000000000    
         6            25             7            24    0.450822425951107    0.000000000000000    
         6            25             9            22    0.417489032176501    0.000000000000000    
         6            25            21            10    0.432285949806375    0.000000000000000    
         6            25            23             8    0.152836163259878    0.000000000000000    
         6            25            25             6    4.284257142857142    0.000000000000000    
         6            26             6            26    0.251035102040816    0.000000000000000    
         6            26             8            24    0.450822425951107    0.000000000000000    
         6            26            10            22    0.417489032176501    0.000000000000000    
         6            26            22            10    0.432285949806375    0.000000000000000    
         6            26            24             8    0.152836163259878    0.000000000000000    
         6            26            26             6    4.284257142857142    0.000000000000000    
         7             1             1             7    3.674529705215418    0.000000000000000    
         7             1             3             5    -0.160224401170568    0.000000000000000    
         7             1             5             3    0.320448802341137    0.000000000000000    
         7             1             7             1    0.241206349206349    0.000000000000000    
         7             2             2             7    3.674529705215418    0.000000000000000    
         7             2             4             5    -0.160224401170568    0.000000000000000    
         7             2             6             3    0.320448802341137    0.000000000000000    
         7             2             8             1    0.241206349206349    0.000000000000000    
         7             3             1             9    -0.633674376417233    0.000000000000000    
         7             3             3             7    4.111970068027209    0.000000000000000    
         7             3             5             5    -0.306617687074830    0.000000000000000    
         7             3             7             3    0.874880725623583    0.000000000000000    
         7             3             9             1    -0.241206349206349    0.000000000000000    
         7             4             2             9    -0.633674376417233    0.000000000000000    
         7             4             4             7    4.111970068027209    0.000000000000000    
         7             4             6             5    -0.306617687074830    0.000000000000000    
         7             4             8             3    0.874880725623583    0.000000000000000    
         7             4            10             1    -0.241206349206349    0.000000000000000    
         7             5             3             9    -0.160224401170568    0.000000000000000    
         7             5             5             7    3.936175056689342    0.000000000000000    
         7             5             7             5    0.306617687074830    0.000000000000000    
         7             5             9             3    0.320448802341137    0.000000000000000    
         7             6             4             9    -0.160224401170568    0.000000000000000    
         7             6             6             7    3.936175056689342    0.000000000000000    
         7             6             8             5    0.306617687074830    0.000000000000000    
         7             6            10             3    0.320448802341137    0.000000000000000    
         7             7             5             9    0.160224401170568    0.000000000000000    
         7             7             7             7    4.111970068027209    0.000000000000000    
         7             7             9             5    0.160224401170568    0.000000000000000    
         7             8             6             9    0.160224401170568    0.000000000000000    
         7             8             8             7    4.111970068027209    0.000000000000000    
         7             8            10             5    0.160224401170568    0.000000000000000    
         7             9             7             9    0.633674376417233    0.000000000000000    
         7             9             9             7    3.674529705215418    0.000000000000000    
         7            10             8             9    0.633674376417233    0.000000000000000    
         7            10            10             7    3.674529705215418    0.000000000000000    
         7            21             3            25    0.511317551020408    0.000000000000000    
         7            21             5            23    0.155613100228094    0.000000000000000    
         7            21             7            21    0.161191836734694    0.000000000000000    
         7            21            21             7    4.372497142857142    0.000000000000000    
         7            21            23             5    -0.152836163259878    0.000000000000000    
         7            21            25             3    0.529440000000000    0.000000000000000    
         7            22             4            25    0.511317551020408    0.000000000000000    
         7            22             6            23    0.155613100228094    0.000000000000000    
         7            22             8            21    0.161191836734694    0.000000000000000    
         7            22            22             7    4.372497142857142    0.000000000000000    
         7            22            24             5    -0.152836163259878    0.000000000000000    
         7            22            26             3    0.529440000000000    0.000000000000000    
         7            23             5            25    0.450822425951107    0.000000000000000    
         7            23             7            23    0.591913469387755    0.000000000000000    
         7            23             9            21    -0.113979840827017    0.000000000000000    
         7            23            21             9    -0.374370614231406    0.000000000000000    
         7            23            23             7    4.637217142857142    0.000000000000000    
         7            23            25             5    0.152836163259878    0.000000000000000    
         7            24             6            25    0.450822425951107    0.000000000000000    
         7            24             8            23    0.591913469387755    0.000000000000000    
         7            24            10            21    -0.113979840827017    0.000000000000000    
         7            24            22             9    -0.374370614231406    0.000000000000000    
         7            24            24             7    4.637217142857142    0.000000000000000    
         7            24            26             5    0.152836163259878    0.000000000000000    
         7            25             7            25    0.511317551020408    0.000000000000000    
         7            25             9            23    0.609132374505441    0.000000000000000    
         7            25            23             9    0.374370614231406    0.000000000000000    
         7            25            25             7    4.372497142857142    0.000000000000000    
         7            26             8            25    0.511317551020408    0.000000000000000    
         7            26            10            23    0.609132374505441    0.000000000000000    
         7            26            24             9    0.374370614231406    0.000000000000000    
         7            26            26             7    4.372497142857142    0.000000000000000    
         8             1             1             8    3.674529705215418    0.000000000000000    
         8             1             3             6    -0.160224401170568    0.000000000000000    
         8             1             5             4    0.320448802341137    0.000000000000000    
         8             1             7             2    0.241206349206349    0.000000000000000    
         8             2             2             8    3.674529705215418    0.000000000000000    
         8             2             4             6    -0.160224401170568    0.000000000000000    
         8             2             6             4    0.320448802341137    0.000000000000000    
         8             2             8             2    0.241206349206349    0.000000000000000    
         8             3             1            10    -0.633674376417233    0.000000000000000    
         8             3             3             8    4.111970068027209    0.000000000000000    
         8             3             5             6    -0.306617687074830    0.000000000000000    
         8             3             7             4    0.874880725623583    0.000000000000000    
         8             3             9             2    -0.241206349206349    0.000000000000000    
         8             4             2            10    -0.633674376417233    0.000000000000000    
         8             4             4             8    4.111970068027209    0.000000000000000    
         8             4             6             6    -0.306617687074830    0.000000000000000    
         8             4             8             4    0.874880725623583    0.000000000000000    
         8             4            10             2    -0.241206349206349    0.000000000000000    
         8             5             3            10    -0.160224401170568    0.000000000000000    
         8             5             5             8    3.936175056689342    0.000000000000000    
         8             5             7             6    0.306617687074830    0.000000000000000    
         8             5             9             4    0.320448802341137    0.000000000000000    
         8             6             4            10    -0.160224401170568    0.000000000000000    
         8             6             6             8    3.936175056689342    0.000000000000000    
         8             6             8             6    0.306617687074830    0.000000000000000    
         8             6            10             4    0.320448802341137    0.000000000000000    
         8             7             5            10    0.160224401170568    0.000000000000000    
         8             7             7             8    4.111970068027209    0.000000000000000    
         8             7             9             6    0.160224401170568    0.000000000000000    
         8             8             6            10    0.160224401170568    0.000000000000000    
         8             8             8             8    4.111970068027209    0.000000000000000    
         8             8            10             6    0.160224401170568    0.000000000000000    
         8             9             7            10    0.633674376417233    0.000000000000000    
         8             9             9             8    3.674529705215418    0.000000000000000    
         8            10             8            10    0.633674376417233    0.000000000000000    
         8            10            10             8    3.674529705215418    0.000000000000000    
         8            21             3            26    0.511317551020408    0.000000000000000    
         8            21             5            24    0.155613100228094    0.000000000000000    
         8            21             7            22    0.161191836734694    0.000000000000000    
         8            21            21             8    4.372497142857142    0.000000000000000    
         8            21            23             6    -0.152836163259878    0.000000000000000    
         8            21            25             4    0.529440000000000    0.000000000000000    
         8            22             4            26    0.511317551020408    0.000000000000000    
         8            22             6            24    0.155613100228094    0.000000000000000    
         8            22             8            22    0.161191836734694    0.000000000000000    
         8            22            22             8    4.372497142857142    0.000000000000000    
         8            22            24             6    -0.152836163259878    0.000000000000000    
         8            22            26             4    0.529440000000000    0.000000000000000    
         8            23             5            26    0.450822425951107    0.000000000000000    
         8            23             7            24    0.591913469387755    0.000000000000000    
         8            23             9            22    -0.113979840827017    0.000000000000000    
         8            23            21            10    -0.374370614231406    0.000000000000000    
         8            23            23             8    4.637217142857142    0.000000000000000    
         8            23            25             6    0.152836163259878    0.000000000000000    
         8            24             6            26    0.450822425951107    0.000000000000000    
         8            24             8            24    0.591913469387755    0.000000000000000    
         8            24            10            22    -0.113979840827017    0.000000000000000    
         8            24            22            10    -0.374370614231406    0.000000000000000    
         8            24            24             8    4.637217142857142    0.000000000000000    
         8            24            26             6    0.152836163259878    0.000000000000000    
         8            25             7            26    0.511317551020408    0.000000000000000    
         8            25             9            24    0.609132374505441    0.000000000000000    
         8            25            23            10    0.374370614231406    0.000000000000000    
         8            25            25             8    4.372497142857142    0.000000000000000    
         8            26             8            26    0.511317551020408    0.000000000000000    
         8            26            10            24    0.609132374505441    0.000000000000000    
         8            26            24            10    0.374370614231406    0.000000000000000    
         8            26            26             8    4.372497142857142    0.000000000000000    
         9             1             1             9    4.308204081632652    0.000000000000000    
         9             1             3             7    -0.633674376417233    0.000000000000000    
         9             1             5             5    0.502851700680272    0.000000000000000    
         9             1             7             3    -0.241206349206349    0.000000000000000    
         9             1             9             1    0.482412698412699    0.000000000000000    
         9             2             2             9    4.308204081632652    0.000000000000000    
         9             2             4             7    -0.633674376417233    0.000000000000000    
         9             2             6             5    0.502851700680272    0.000000000000000    
         9             2             8             3    -0.241206349206349    0.000000000000000    
         9             2            10             1    0.482412698412699    0.000000000000000    
         9             3             3             9    3.674529705215418    0.000000000000000    
         9             3             5             7    -0.160224401170568    0.000000000000000    
         9             3             7             5    0.320448802341137    0.000000000000000    
         9             3             9             3    0.241206349206349    0.000000000000000    
         9             4             4             9    3.674529705215418    0.000000000000000    
         9             4             6             7    -0.160224401170568    0.000000000000000    
         9             4             8             5    0.320448802341137    0.000000000000000    
         9             4            10             3    0.241206349206349    0.000000000000000    
         9             5             5             9    3.543707029478457    0.000000000000000    
         9             5             7             7    0.160224401170568    0.000000000000000    
         9             5             9             5    0.502851700680272    0.000000000000000    
         9             6             6             9    3.543707029478457    0.000000000000000    
         9             6             8             7    0.160224401170568    0.000000000000000    
         9             6            10             5    0.502851700680272    0.000000000000000    
         9             7             7             9    3.674529705215418    0.000000000000000    
         9             7             9             7    0.633674376417233    0.000000000000000    
         9             8             8             9    3.674529705215418    0.000000000000000    
         9             8            10             7    0.633674376417233    0.000000000000000    
         9             9             9             9    4.308204081632652    0.000000000000000    
         9            10            10             9    4.308204081632652    0.000000000000000    
         9            21             5            25    0.417489032176501    0.000000000000000    
         9            21             7            23    -0.113979840827017    0.000000000000000    
         9            21             9            21    0.241787755102041    0.000000000000000    
         9            21            21             9    4.637217142857142    0.000000000000000    
         9            21            23             7    -0.374370614231406    0.000000000000000    
         9            21            25             5    0.432285949806375    0.000000000000000    
         9            22             6            25    0.417489032176501    0.000000000000000    
         9            22             8            23    -0.113979840827017    0.000000000000000    
         9            22            10            21    0.241787755102041    0.000000000000000    
         9            22            22             9    4.637217142857142    0.000000000000000    
         9            22            24             7    -0.374370614231406    0.000000000000000    
         9            22            26             5    0.432285949806375    0.000000000000000    
         9            23             7            25    0.609132374505441    0.000000000000000    
         9            23             9            23    0.080595918367347    0.000000000000000    
         9            23            23             9    4.107777142857142    0.000000000000000    
         9            23            25             7    0.374370614231406    0.000000000000000    
         9            24             8            25    0.609132374505441    0.000000000000000    
         9            24            10            23    0.080595918367347    0.000000000000000    
         9            24            24             9    4.107777142857142    0.000000000000000    
         9            24            26             7    0.374370614231406    0.000000000000000    
         9            25             9            25    0.942039183673470    0.000000000000000    
         9            25            25             9    4.637217142857142    0.000000000000000    
         9            26            10            25    0.942039183673470    0.000000000000000    
         9            26            26             9    4.637217142857142    0.000000000000000    
        10             1             1            10    4.308204081632652    0.000000000000000    
        10             1             3             8    -0.633674376417233    0.000000000000000    
        10             1             5             6    0.502851700680272    0.000000000000000    
        10             1             7             4    -0.241206349206349    0.000000000000000    
        10             1             9             2    0.482412698412699    0.000000000000000    
        10             2             2            10    4.308204081632652    0.000000000000000    
        10             2             4             8    -0.633674376417233    0.000000000000000    
        10             2             6             6    0.502851700680272    0.000000000000000    
        10             2             8             4    -0.241206349206349    0.000000000000000    
        10             2            10             2    0.482412698412699    0.000000000000000    
        10             3             3            10    3.674529705215418    0.000000000000000    
        10             3             5             8    -0.160224401170568    0.000000000000000    
        10             3             7             6    0.320448802341137    0.000000000000000    
        10             3             9             4    0.241206349206349    0.000000000000000    
        10             4             4            10    3.674529705215418    0.000000000000000    
        10             4             6             8    -0.160224401170568    0.000000000000000    
        10             4             8             6    0.320448802341137    0.000000000000000    
        10             4            10             4    0.241206349206349    0.000000000000000    
        10             5             5            10    3.543707029478457    0.000000000000000    
        10             5             7             8    0.160224401170568    0.000000000000000    
        10             5             9             6    0.502851700680272    0.000000000000000    
        10             6             6            10    3.543707029478457    0.000000000000000    
        10             6             8             8    0.160224401170568    0.000000000000000    
        10             6            10             6    0.502851700680272    0.000000000000000    
        10             7             7            10    3.674529705215418    0.000000000000000    
        10             7             9             8    0.633674376417233    0.000000000000000    
        10             8             8            10    3.674529705215418    0.000000000000000    
        10             8            10             8    0.633674376417233    0.000000000000000    
        10             9             9            10    4.308204081632652    0.000000000000000    
        10            10            10            10    4.308204081632652    0.000000000000000    
        10            21             5            26    0.417489032176501    0.000000000000000    
        10            21             7            24    -0.113979840827017    0.000000000000000    
        10            21             9            22    0.241787755102041    0.000000000000000    
        10            21            21            10    4.637217142857142    0.000000000000000    
        10            21            23             8    -0.374370614231406    0.000000000000000    
        10            21            25             6    0.432285949806375    0.000000000000000    
        10            22             6            26    0.417489032176501    0.000000000000000    
        10            22             8            24    -0.113979840827017    0.000000000000000    
        10            22            10            22    0.241787755102041    0.000000000000000    
        10            22            22            10    4.637217142857142    0.000000000000000    
        10            22            24             8    -0.374370614231406    0.000000000000000    
        10            22            26             6    0.432285949806375    0.000000000000000    
        10            23             7            26    0.609132374505441    0.000000000000000    
        10            23             9            24    0.080595918367347    0.000000000000000    
        10            23            23            10    4.107777142857142    0.000000000000000    
        10            23            25             8    0.374370614231406    0.000000000000000    
        10            24             8            26    0.609132374505441    0.000000000000000    
        10            24            10            24    0.080595918367347    0.000000000000000    
        10            24            24            10    4.107777142857142    0.000000000000000    
        10            24            26             8    0.374370614231406    0.000000000000000    
        10            25             9            26    0.942039183673470    0.000000000000000    
        10            25            25            10    4.637217142857142    0.000000000000000    
        10            26            10            26    0.942039183673470    0.000000000000000    
        10            26            26            10    4.637217142857142    0.000000000000000    
        21             1             1            21    4.637217142857142    0.000000000000000    
        21             1            21             1    0.942039183673470    0.000000000000000    
        21             2             2            21    4.637217142857142    0.000000000000000    
        21             2            22             1    0.942039183673470    0.000000000000000    
        21             3             1            23    0.374370614231406    0.000000000000000    
        21             3             3            21    4.372497142857142    0.000000000000000    
        21             3            21             3    0.511317551020408    0.000000000000000    
        21             3            23             1    0.609132374505441    0.000000000000000    
        21             4             2            23    0.374370614231406    0.000000000000000    
        21             4             4            21    4.372497142857142    0.000000000000000    
        21             4            22             3    0.511317551020408    0.000000000000000    
        21             4            24             1    0.609132374505441    0.000000000000000    
        21             5             1            25    0.432285949806375    0.000000000000000    
        21             5             3            23    0.152836163259878    0.000000000000000    
        21             5             5            21    4.284257142857142    0.000000000000000    
        21             5            21             5    0.251035102040816    0.000000000000000    
        21             5            23             3    0.450822425951107    0.000000000000000    
        21             5            25             1    0.417489032176501    0.000000000000000    
        21             6             2            25    0.432285949806375    0.000000000000000    
        21             6             4            23    0.152836163259878    0.000000000000000    
        21             6             6            21    4.284257142857142    0.000000000000000    
        21             6            22             5    0.251035102040816    0.000000000000000    
        21             6            24             3    0.450822425951107    0.000000000000000    
        21             6            26             1    0.417489032176501    0.000000000000000    
        21             7             3            25    0.529440000000000    0.000000000000000    
        21             7             5            23    -0.152836163259878    0.000000000000000    
        21             7             7            21    4.372497142857142    0.000000000000000    
        21             7            21             7    0.161191836734694    0.000000000000000    
        21             7            23             5    0.155613100228094    0.000000000000000    
        21             7            25             3    0.511317551020408    0.000000000000000    
        21             8             4            25    0.529440000000000    0.000000000000000    
        21             8             6            23    -0.152836163259878    0.000000000000000    
        21             8             8            21    4.372497142857142    0.000000000000000    
        21             8            22             7    0.161191836734694    0.000000000000000    
        21             8            24             5    0.155613100228094    0.000000000000000    
        21             8            26             3    0.511317551020408    0.000000000000000    
        21             9             5            25    0.432285949806375    0.000000000000000    
        21             9             7            23    -0.374370614231406    0.000000000000000    
        21             9             9            21    4.637217142857142    0.000000000000000    
        21             9            21             9    0.241787755102041    0.000000000000000    
        21             9            23             7    -0.113979840827017    0.000000000000000    
        21             9            25             5    0.417489032176501    0.000000000000000    
        21            10             6            25    0.432285949806375    0.000000000000000    
        21            10             8            23    -0.374370614231406    0.000000000000000    
        21            10            10            21    4.637217142857142    0.000000000000000    
        21            10            22             9    0.241787755102041    0.000000000000000    
        21            10            24             7    -0.113979840827017    0.000000000000000    
        21            10            26             5    0.417489032176501    0.000000000000000    
        22             1             1            22    4.637217142857142    0.000000000000000    
        22             1            21             2    0.942039183673470    0.000000000000000    
        22             2             2            22    4.637217142857142    0.000000000000000    
        22             2            22             2    0.942039183673470    0.000000000000000    
        22             3             1            24    0.374370614231406    0.000000000000000    
        22             3             3            22    4.372497142857142    0.000000000000000    
        22             3            21             4    0.511317551020408    0.000000000000000    
        22             3            23             2    0.609132374505441    0.000000000000000    
        22             4             2            24    0.374370614231406    0.000000000000000    
        22             4             4            22    4.372497142857142    0.000000000000000    
        22             4            22             4    0.511317551020408    0.000000000000000    
        22             4            24             2    0.609132374505441    0.000000000000000    
        22             5             1            26    0.432285949806375    0.000000000000000    
        22             5             3            24    0.152836163259878    0.000000000000000    
        22             5             5            22    4.284257142857142    0.000000000000000    
        22             5            21             6    0.251035102040816    0.000000000000000    
        22             5            23             4    0.450822425951107    0.000000000000000    
        22             5            25             2    0.417489032176501    0.000000000000000    
        22             6             2            26    0.432285949806375    0.000000000000000    
        22             6             4            24    0.152836163259878    0.000000000000000    
        22             6             6            22    4.284257142857142    0.000000000000000    
        22             6            22             6    0.251035102040816    0.000000000000000    
        22             6            24             4    0.450822425951107    0.000000000000000    
        22             6            26             2    0.417489032176501    0.000000000000000    
        22             7             3            26    0.529440000000000    0.000000000000000    
        22             7             5            24    -0.152836163259878    0.000000000000000    
        22             7             7            22    4.372497142857142    0.000000000000000    
        22             7            21             8    0.161191836734694    0.000000000000000    
        22             7            23             6    0.155613100228094    0.000000000000000    
        22             7            25             4    0.511317551020408    0.000000000000000    
        22             8             4            26    0.529440000000000    0.000000000000000    
        22             8             6            24    -0.152836163259878    0.000000000000000    
        22             8             8            22    4.372497142857142    0.000000000000000    
        22             8            22             8    0.161191836734694    0.000000000000000    
        22             8            24             6    0.155613100228094    0.000000000000000    
        22             8            26             4    0.511317551020408    0.000000000000000    
        22             9             5            26    0.432285949806375    0.000000000000000    
        22             9             7            24    -0.374370614231406    0.000000000000000    
        22             9             9            22    4.637217142857142    0.000000000000000    
        22             9            21            10    0.241787755102041    0.000000000000000    
        22             9            23             8    -0.113979840827017    0.000000000000000    
        22             9            25             6    0.417489032176501    0.000000000000000    
        22            10             6            26    0.432285949806375    0.000000000000000    
        22            10             8            24    -0.374370614231406    0.000000000000000    
        22            10            10            22    4.637217142857142    0.000000000000000    
        22            10            22            10    0.241787755102041    0.000000000000000    
        22            10            24             8    -0.113979840827017    0.000000000000000    
        22            10            26             6    0.417489032176501    0.000000000000000    
        23             1             1            23    4.107777142857142    0.000000000000000    
        23             1             3            21    0.374370614231406    0.000000000000000    
        23             1            21             3    0.609132374505441    0.000000000000000    
        23             1            23             1    0.080595918367347    0.000000000000000    
        23             2             2            23    4.107777142857142    0.000000000000000    
        23             2             4            21    0.374370614231406    0.000000000000000    
        23             2            22             3    0.609132374505441    0.000000000000000    
        23             2            24             1    0.080595918367347    0.000000000000000    
        23             3             1            25    -0.374370614231406    0.000000000000000    
        23             3             3            23    4.637217142857142    0.000000000000000    
        23             3             5            21    0.152836163259878    0.000000000000000    
        23             3            21             5    0.450822425951107    0.000000000000000    
        23             3            23             3    0.591913469387755    0.000000000000000    
        23             3            25             1    -0.113979840827017    0.000000000000000    
        23             4             2            25    -0.374370614231406    0.000000000000000    
        23             4             4            23    4.637217142857142    0.000000000000000    
        23             4             6            21    0.152836163259878    0.000000000000000    
        23             4            22             5    0.450822425951107    0.000000000000000    
        23             4            24             3    0.591913469387755    0.000000000000000    
        23             4            26             1    -0.113979840827017    0.000000000000000    
        23             5             3            25    -0.152836163259878    0.000000000000000    
        23             5             5            23    4.813697142857142    0.000000000000000    
        23             5             7            21    -0.152836163259878    0.000000000000000    
        23             5            21             7    0.155613100228094    0.000000000000000    
        23             5            23             5    0.762352653061225    0.000000000000000    
        23             5            25             3    0.155613100228094    0.000000000000000    
        23             6             4            25    -0.152836163259878    0.000000000000000    
        23             6             6            23    4.813697142857142    0.000000000000000    
        23             6             8            21    -0.152836163259878    0.000000000000000    
        23             6            22             7    0.155613100228094    0.000000000000000    
        23             6            24             5    0.762352653061225    0.000000000000000    
        23             6            26             3    0.155613100228094    0.000000000000000    
        23             7             5            25    0.152836163259878    0.000000000000000    
        23             7             7            23    4.637217142857142    0.000000000000000    
        23             7             9            21    -0.374370614231406    0.000000000000000    
        23             7            21             9    -0.113979840827017    0.000000000000000    
        23             7            23             7    0.591913469387755    0.000000000000000    
        23             7            25             5    0.450822425951107    0.000000000000000    
        23             8             6            25    0.152836163259878    0.000000000000000    
        23             8             8            23    4.637217142857142    0.000000000000000    
        23             8            10            21    -0.374370614231406    0.000000000000000    
        23             8            22             9    -0.113979840827017    0.000000000000000    
        23             8            24             7    0.591913469387755    0.000000000000000    
        23             8            26             5    0.450822425951107    0.000000000000000    
        23             9             7            25    0.374370614231406    0.000000000000000    
        23             9             9            23    4.107777142857142    0.000000000000000    
        23             9            23             9    0.080595918367347    0.000000000000000    
        23             9            25             7    0.609132374505441    0.000000000000000    
        23            10             8            25    0.374370614231406    0.000000000000000    
        23            10            10            23    4.107777142857142    0.000000000000000    
        23            10            24             9    0.080595918367347    0.000000000000000    
        23            10            26             7    0.609132374505441    0.000000000000000    
        24             1             1            24    4.107777142857142    0.000000000000000    
        24             1             3            22    0.374370614231406    0.000000000000000    
        24             1            21             4    0.609132374505441    0.000000000000000    
        24             1            23             2    0.080595918367347    0.000000000000000    
        24             2             2            24    4.107777142857142    0.000000000000000    
        24             2             4            22    0.374370614231406    0.000000000000000    
        24             2            22             4    0.609132374505441    0.000000000000000    
        24             2            24             2    0.080595918367347    0.000000000000000    
        24             3             1            26    -0.374370614231406    0.000000000000000    
        24             3             3            24    4.637217142857142    0.000000000000000    
        24             3             5            22    0.152836163259878    0.000000000000000    
        24             3            21             6    0.450822425951107    0.000000000000000    
        24             3            23             4    0.591913469387755    0.000000000000000    
        24             3            25             2    -0.113979840827017    0.000000000000000    
        24             4             2            26    -0.374370614231406    0.000000000000000    
        24             4             4            24    4.637217142857142    0.000000000000000    
        24             4             6            22    0.152836163259878    0.000000000000000    
        24             4            22             6    0.450822425951107    0.000000000000000    
        24             4            24             4    0.591913469387755    0.000000000000000    
        24             4            26             2    -0.113979840827017    0.000000000000000    
        24             5             3            26    -0.152836163259878    0.000000000000000    
        24             5             5            24    4.813697142857142    0.000000000000000    
        24             5             7            22    -0.152836163259878    0.000000000000000    
        24             5            21             8    0.155613100228094    0.000000000000000    
        24             5            23             6    0.762352653061225    0.000000000000000    
        24             5            25             4    0.155613100228094    0.000000000000000    
        24             6             4            26    -0.152836163259878    0.000000000000000    
        24             6             6            24    4.813697142857142    0.000000000000000    
        24             6             8            22    -0.152836163259878    0.000000000000000    
        24             6            22             8    0.155613100228094    0.000000000000000    
        24             6            24             6    0.762352653061225    0.000000000000000    
        24             6            26             4    0.155613100228094    0.000000000000000    
        24             7             5            26    0.152836163259878    0.000000000000000    
        24             7             7            24    4.637217142857142    0.000000000000000    
        24             7             9            22    -0.374370614231406    0.000000000000000    
        24             7            21            10    -0.113979840827017    0.000000000000000    
        24             7            23             8    0.591913469387755    0.000000000000000    
        24             7            25             6    0.450822425951107    0.000000000000000    
        24             8             6            26    0.152836163259878    0.000000000000000    
        24             8             8            24    4.637217142857142    0.000000000000000    
        24             8            10            22    -0.374370614231406    0.000000000000000    
        24             8            22            10    -0.113979840827017    0.000000000000000    
        24             8            24             8    0.591913469387755    0.000000000000000    
        24             8            26             6    0.450822425951107    0.000000000000000    
        24             9             7            26    0.374370614231406    0.000000000000000    
        24             9             9            24    4.107777142857142    0.000000000000000    
        24             9            23            10    0.080595918367347    0.000000000000000    
        24             9            25             8    0.609132374505441    0.000000000000000    
        24            10             8            26    0.374370614231406    0.000000000000000    
        24            10            10            24    4.107777142857142    0.000000000000000    
        24            10            24            10    0.080595918367347    0.000000000000000    
        24            10            26             8    0.609132374505441    0.000000000000000    
        25             1             1            25    4.637217142857142    0.000000000000000    
        25             1             3            23    -0.374370614231406    0.000000000000000    
        25             1             5            21    0.432285949806375    0.000000000000000    
        25             1            21             5    0.417489032176501    0.000000000000000    
        25             1            23             3    -0.113979840827017    0.000000000000000    
        25             1            25             1    0.241787755102041    0.000000000000000    
        25             2             2            25    4.637217142857142    0.000000000000000    
        25             2             4            23    -0.374370614231406    0.000000000000000    
        25             2             6            21    0.432285949806375    0.000000000000000    
        25             2            22             5    0.417489032176501    0.000000000000000    
        25             2            24             3    -0.113979840827017    0.000000000000000    
        25             2            26             1    0.241787755102041    0.000000000000000    
        25             3             3            25    4.372497142857142    0.000000000000000    
        25             3             5            23    -0.152836163259878    0.000000000000000    
        25             3             7            21    0.529440000000000    0.000000000000000    
        25             3            21             7    0.511317551020408    0.000000000000000    
        25             3            23             5    0.155613100228094    0.000000000000000    
        25             3            25             3    0.161191836734694    0.000000000000000    
        25             4             4            25    4.372497142857142    0.000000000000000    
        25             4             6            23    -0.152836163259878    0.000000000000000    
        25             4             8            21    0.529440000000000    0.000000000000000    
        25             4            22             7    0.511317551020408    0.000000000000000    
        25             4            24             5    0.155613100228094    0.000000000000000    
        25             4            26             3    0.161191836734694    0.000000000000000    
        25             5             5            25    4.284257142857142    0.000000000000000    
        25             5             7            23    0.152836163259878    0.000000000000000    
        25             5             9            21    0.432285949806375    0.000000000000000    
        25             5            21             9    0.417489032176501    0.000000000000000    
        25             5            23             7    0.450822425951107    0.000000000000000    
        25             5            25             5    0.251035102040816    0.000000000000000    
        25             6             6            25    4.284257142857142    0.000000000000000    
        25             6             8            23    0.152836163259878    0.000000000000000    
        25             6            10            21    0.432285949806375    0.000000000000000    
        25             6            22             9    0.417489032176501    0.000000000000000    
        25             6            24             7    0.450822425951107    0.000000000000000    
        25             6            26             5    0.251035102040816    0.000000000000000    
        25             7             7            25    4.372497142857142    0.000000000000000    
        25             7             9            23    0.374370614231406    0.000000000000000    
        25             7            23             9    0.609132374505441    0.000000000000000    
        25             7            25             7    0.511317551020408    0.000000000000000    
        25             8             8            25    4.372497142857142    0.000000000000000    
        25             8            10            23    0.374370614231406    0.000000000000000    
        25             8            24             9    0.609132374505441    0.000000000000000    
        25             8            26             7    0.511317551020408    0.000000000000000    
        25             9             9            25    4.637217142857142    0.000000000000000    
        25             9            25             9    0.942039183673470    0.000000000000000    
        25            10            10            25    4.637217142857142    0.000000000000000    
        25            10            26             9    0.942039183673470    0.000000000000000    
        26             1             1            26    4.637217142857142    0.000000000000000    
        26             1             3            24    -0.374370614231406    0.000000000000000    
        26             1             5            22    0.432285949806375    0.000000000000000    
        26             1            21             6    0.417489032176501    0.000000000000000    
        26             1            23             4    -0.113979840827017    0.000000000000000    
        26             1            25             2    0.241787755102041    0.000000000000000    
        26             2             2            26    4.637217142857142    0.000000000000000    
        26             2             4            24    -0.374370614231406    0.000000000000000    
        26             2             6            22    0.432285949806375    0.000000000000000    
        26             2            22             6    0.417489032176501    0.000000000000000    
        26             2            24             4    -0.113979840827017    0.000000000000000    
        26             2            26             2    0.241787755102041    0.000000000000000    
        26             3             3            26    4.372497142857142    0.000000000000000    
        26             3             5            24    -0.152836163259878    0.000000000000000    
        26             3             7            22    0.529440000000000    0.000000000000000    
        26             3            21             8    0.511317551020408    0.000000000000000    
        26             3            23             6    0.155613100228094    0.000000000000000    
        26             3            25             4    0.161191836734694    0.000000000000000    
        26             4             4            26    4.372497142857142    0.000000000000000    
        26             4             6            24    -0.152836163259878    0.000000000000000    
        26             4             8            22    0.529440000000000    0.000000000000000    
        26             4            22             8    0.511317551020408    0.000000000000000    
        26             4            24             6    0.155613100228094    0.000000000000000    
        26             4            26             4    0.161191836734694    0.000000000000000    
        26             5             5            26    4.284257142857142    0.000000000000000    
        26             5             7            24    0.152836163259878    0.000000000000000    
        26             5             9            22    0.432285949806375    0.000000000000000    
        26             5            21            10    0.417489032176501    0.000000000000000    
        26             5            23             8    0.450822425951107    0.000000000000000    
        26             5            25             6    0.251035102040816    0.000000000000000    
        26             6             6            26    4.284257142857142    0.000000000000000    
        26             6             8            24    0.152836163259878    0.000000000000000    
        26             6            10            22    0.432285949806375    0.000000000000000    
        26             6            22            10    0.417489032176501    0.000000000000000    
        26             6            24             8    0.450822425951107    0.000000000000000    
        26             6            26             6    0.251035102040816    0.000000000000000    
        26             7             7            26    4.372497142857142    0.000000000000000    
        26             7             9            24    0.374370614231406    0.000000000000000    
        26             7            23            10    0.609132374505441    0.000000000000000    
        26             7            25             8    0.511317551020408    0.000000000000000    
        26             8             8            26    4.372497142857142    0.000000000000000    
        26             8            10            24    0.374370614231406    0.000000000000000    
        26             8            24            10    0.609132374505441    0.000000000000000    
        26             8            26             8    0.511317551020408    0.000000000000000    
        26             9             9            26    4.637217142857142    0.000000000000000    
        26             9            25            10    0.942039183673470    0.000000000000000    
        26            10            10            26    4.637217142857142    0.000000000000000    
        26            10            26            10    0.942039183673470    0.000000000000000    
