    1    1    1        0.6163907232        0.0000000000
    1    1    2        0.0000000000        0.0000000000
    1    1    3       -0.0000000000        0.0000000000
    1    1    4       -0.0181415292        0.0000000000
    1    1    5        0.0000000000        0.0000000000
    1    1    6        0.0000000000        0.0000000000
    1    1    7       -0.0000000000        0.0000000000
    1    1    8        0.0000000000        0.0000000000
    1    1    9       -0.4488996091        0.0000000000
    1    1   10        0.0000000000        0.0000000000
    1    1   11       -0.1254922368        0.0000000000
    1    1   12        0.0000000000        0.0000000000
    1    1   13       -0.0000000000        0.0000000000
    1    1   14       -0.0027289920        0.0000000000
    1    1   15        0.0000000000        0.0000000000
    1    1   16        0.0000000000        0.0000000000
    1    1   17       -0.0000000000        0.0000000000
    1    1   18        0.0000000000        0.0000000000
    1    1   19       -0.1353285720        0.0000000000
    1    1   20        0.0000000000        0.0000000000
    1    2    1        0.0000000000        0.0000000000
    1    2    2        0.9998108594        0.0000000000
    1    2    3       -0.0000000000        0.0000000000
    1    2    4       -0.0000000000        0.0000000000
    1    2    5        0.0000000000        0.0000000000
    1    2    6        0.0000000000        0.0000000000
    1    2    7        0.0000161445        0.0000000000
    1    2    8        0.0000000000        0.0000000000
    1    2    9       -0.0000000000        0.0000000000
    1    2   10       -0.0002312007        0.0000000000
    1    2   11       -0.0000000000        0.0000000000
    1    2   12       -0.0000567087        0.0000000000
    1    2   13       -0.0000000000        0.0000000000
    1    2   14       -0.0000000000        0.0000000000
    1    2   15        0.0000000000        0.0000000000
    1    2   16        0.0000000000        0.0000000000
    1    2   17        0.0000026586        0.0000000000
    1    2   18        0.0000000000        0.0000000000
    1    2   19       -0.0000000000        0.0000000000
    1    2   20       -0.0000625371        0.0000000000
    1    3    1       -0.0000000000        0.0000000000
    1    3    2       -0.0000000000        0.0000000000
    1    3    3        0.9998608576        0.0000000000
    1    3    4        0.0000000000        0.0000000000
    1    3    5       -0.0000000000        0.0000000000
    1    3    6       -0.0000001796        0.0000000000
    1    3    7       -0.0000000000        0.0000000000
    1    3    8       -0.0000000000        0.0000000000
    1    3    9        0.0000000000        0.0000000000
    1    3   10       -0.0000000000        0.0000000000
    1    3   11        0.0000000000        0.0000000000
    1    3   12        0.0000000000        0.0000000000
    1    3   13       -0.0000204838        0.0000000000
    1    3   14        0.0000000000        0.0000000000
    1    3   15       -0.0000000000        0.0000000000
    1    3   16        0.0000005132        0.0000000000
    1    3   17       -0.0000000000        0.0000000000
    1    3   18       -0.0000000000        0.0000000000
    1    3   19        0.0000000000        0.0000000000
    1    3   20        0.0000000000        0.0000000000
    1    4    1       -0.0181415292        0.0000000000
    1    4    2       -0.0000000000        0.0000000000
    1    4    3        0.0000000000        0.0000000000
    1    4    4        0.9991411609        0.0000000000
    1    4    5       -0.0000000000        0.0000000000
    1    4    6       -0.0000000000        0.0000000000
    1    4    7        0.0000000000        0.0000000000
    1    4    8       -0.0000000000        0.0000000000
    1    4    9       -0.0212279363        0.0000000000
    1    4   10       -0.0000000000        0.0000000000
    1    4   11       -0.0059207839        0.0000000000
    1    4   12       -0.0000000000        0.0000000000
    1    4   13        0.0000000000        0.0000000000
    1    4   14       -0.0001288552        0.0000000000
    1    4   15       -0.0000000000        0.0000000000
    1    4   16       -0.0000000000        0.0000000000
    1    4   17        0.0000000000        0.0000000000
    1    4   18       -0.0000000000        0.0000000000
    1    4   19       -0.0063847439        0.0000000000
    1    4   20       -0.0000000000        0.0000000000
    1    5    1        0.0000000000        0.0000000000
    1    5    2        0.0000000000        0.0000000000
    1    5    3       -0.0000000000        0.0000000000
    1    5    4       -0.0000000000        0.0000000000
    1    5    5        0.0933324997        0.0000000000
    1    5    6        0.0000000000        0.0000000000
    1    5    7       -0.0000000000        0.0000000000
    1    5    8       -0.0503344163        0.0000000000
    1    5    9        0.0000000000        0.0000000000
    1    5   10       -0.0000000000        0.0000000000
    1    5   11        0.0000000000        0.0000000000
    1    5   12       -0.0000000000        0.0000000000
    1    5   13        0.0000000000        0.0000000000
    1    5   14        0.0000000000        0.0000000000
    1    5   15       -0.2841524204        0.0000000000
    1    5   16        0.0000000000        0.0000000000
    1    5   17       -0.0000000000        0.0000000000
    1    5   18       -0.0075728327        0.0000000000
    1    5   19        0.0000000000        0.0000000000
    1    5   20       -0.0000000000        0.0000000000
    1    6    1        0.0000000000        0.0000000000
    1    6    2        0.0000000000        0.0000000000
    1    6    3       -0.0000001796        0.0000000000
    1    6    4       -0.0000000000        0.0000000000
    1    6    5        0.0000000000        0.0000000000
    1    6    6        0.9998681959        0.0000000000
    1    6    7       -0.0000000000        0.0000000000
    1    6    8       -0.0000000000        0.0000000000
    1    6    9       -0.0000000000        0.0000000000
    1    6   10       -0.0000000000        0.0000000000
    1    6   11       -0.0000000000        0.0000000000
    1    6   12       -0.0000000000        0.0000000000
    1    6   13        0.0000002036        0.0000000000
    1    6   14       -0.0000000000        0.0000000000
    1    6   15       -0.0000000000        0.0000000000
    1    6   16       -0.0000369432        0.0000000000
    1    6   17       -0.0000000000        0.0000000000
    1    6   18       -0.0000000000        0.0000000000
    1    6   19       -0.0000000000        0.0000000000
    1    6   20       -0.0000000000        0.0000000000
    1    7    1       -0.0000000000        0.0000000000
    1    7    2        0.0000161445        0.0000000000
    1    7    3       -0.0000000000        0.0000000000
    1    7    4        0.0000000000        0.0000000000
    1    7    5       -0.0000000000        0.0000000000
    1    7    6       -0.0000000000        0.0000000000
    1    7    7        0.9995008126        0.0000000000
    1    7    8       -0.0000000000        0.0000000000
    1    7    9        0.0000000000        0.0000000000
    1    7   10       -0.0000137812        0.0000000000
    1    7   11        0.0000000000        0.0000000000
    1    7   12        0.0000033222        0.0000000000
    1    7   13        0.0000000000        0.0000000000
    1    7   14        0.0000000000        0.0000000000
    1    7   15       -0.0000000000        0.0000000000
    1    7   16        0.0000000000        0.0000000000
    1    7   17       -0.0000732695        0.0000000000
    1    7   18       -0.0000000000        0.0000000000
    1    7   19        0.0000000000        0.0000000000
    1    7   20       -0.0000009945        0.0000000000
    1    8    1        0.0000000000        0.0000000000
    1    8    2        0.0000000000        0.0000000000
    1    8    3       -0.0000000000        0.0000000000
    1    8    4       -0.0000000000        0.0000000000
    1    8    5       -0.0503344163        0.0000000000
    1    8    6       -0.0000000000        0.0000000000
    1    8    7       -0.0000000000        0.0000000000
    1    8    8        0.9971989168        0.0000000000
    1    8    9       -0.0000000000        0.0000000000
    1    8   10       -0.0000000000        0.0000000000
    1    8   11       -0.0000000000        0.0000000000
    1    8   12       -0.0000000000        0.0000000000
    1    8   13        0.0000000000        0.0000000000
    1    8   14       -0.0000000000        0.0000000000
    1    8   15       -0.0157365931        0.0000000000
    1    8   16        0.0000000000        0.0000000000
    1    8   17        0.0000000000        0.0000000000
    1    8   18       -0.0004202539        0.0000000000
    1    8   19       -0.0000000000        0.0000000000
    1    8   20       -0.0000000000        0.0000000000
    1    9    1       -0.4488996091        0.0000000000
    1    9    2       -0.0000000000        0.0000000000
    1    9    3        0.0000000000        0.0000000000
    1    9    4       -0.0212279363        0.0000000000
    1    9    5        0.0000000000        0.0000000000
    1    9    6       -0.0000000000        0.0000000000
    1    9    7        0.0000000000        0.0000000000
    1    9    8       -0.0000000000        0.0000000000
    1    9    9        0.4746867135        0.0000000000
    1    9   10       -0.0000000000        0.0000000000
    1    9   11       -0.1468362061        0.0000000000
    1    9   12       -0.0000000000        0.0000000000
    1    9   13       -0.0000000000        0.0000000000
    1    9   14       -0.0031929520        0.0000000000
    1    9   15       -0.0000000000        0.0000000000
    1    9   16        0.0000000000        0.0000000000
    1    9   17       -0.0000000000        0.0000000000
    1    9   18       -0.0000000000        0.0000000000
    1    9   19       -0.1583470154        0.0000000000
    1    9   20       -0.0000000000        0.0000000000
    1   10    1        0.0000000000        0.0000000000
    1   10    2       -0.0002312007        0.0000000000
    1   10    3       -0.0000000000        0.0000000000
    1   10    4       -0.0000000000        0.0000000000
    1   10    5       -0.0000000000        0.0000000000
    1   10    6       -0.0000000000        0.0000000000
    1   10    7       -0.0000137812        0.0000000000
    1   10    8       -0.0000000000        0.0000000000
    1   10    9       -0.0000000000        0.0000000000
    1   10   10        0.9997151178        0.0000000000
    1   10   11       -0.0000000000        0.0000000000
    1   10   12       -0.0000694366        0.0000000000
    1   10   13       -0.0000000000        0.0000000000
    1   10   14       -0.0000000000        0.0000000000
    1   10   15        0.0000000000        0.0000000000
    1   10   16        0.0000000000        0.0000000000
    1   10   17       -0.0000016581        0.0000000000
    1   10   18        0.0000000000        0.0000000000
    1   10   19       -0.0000000000        0.0000000000
    1   10   20       -0.0000768868        0.0000000000
    1   11    1       -0.1254922368        0.0000000000
    1   11    2       -0.0000000000        0.0000000000
    1   11    3        0.0000000000        0.0000000000
    1   11    4       -0.0059207839        0.0000000000
    1   11    5        0.0000000000        0.0000000000
    1   11    6       -0.0000000000        0.0000000000
    1   11    7        0.0000000000        0.0000000000
    1   11    8       -0.0000000000        0.0000000000
    1   11    9       -0.1468362061        0.0000000000
    1   11   10       -0.0000000000        0.0000000000
    1   11   11        0.9585962458        0.0000000000
    1   11   12        0.0000000000        0.0000000000
    1   11   13       -0.0000000000        0.0000000000
    1   11   14       -0.0008990071        0.0000000000
    1   11   15        0.0000000000        0.0000000000
    1   11   16        0.0000000000        0.0000000000
    1   11   17       -0.0000000000        0.0000000000
    1   11   18        0.0000000000        0.0000000000
    1   11   19       -0.0446459448        0.0000000000
    1   11   20        0.0000000000        0.0000000000
    1   12    1        0.0000000000        0.0000000000
    1   12    2       -0.0000567087        0.0000000000
    1   12    3        0.0000000000        0.0000000000
    1   12    4       -0.0000000000        0.0000000000
    1   12    5       -0.0000000000        0.0000000000
    1   12    6       -0.0000000000        0.0000000000
    1   12    7        0.0000033222        0.0000000000
    1   12    8       -0.0000000000        0.0000000000
    1   12    9       -0.0000000000        0.0000000000
    1   12   10       -0.0000694366        0.0000000000
    1   12   11        0.0000000000        0.0000000000
    1   12   12        0.9999829697        0.0000000000
    1   12   13       -0.0000000000        0.0000000000
    1   12   14       -0.0000000000        0.0000000000
    1   12   15        0.0000000000        0.0000000000
    1   12   16        0.0000000000        0.0000000000
    1   12   17        0.0000005755        0.0000000000
    1   12   18        0.0000000000        0.0000000000
    1   12   19       -0.0000000000        0.0000000000
    1   12   20       -0.0000187955        0.0000000000
    1   13    1       -0.0000000000        0.0000000000
    1   13    2       -0.0000000000        0.0000000000
    1   13    3       -0.0000204838        0.0000000000
    1   13    4        0.0000000000        0.0000000000
    1   13    5        0.0000000000        0.0000000000
    1   13    6        0.0000002036        0.0000000000
    1   13    7        0.0000000000        0.0000000000
    1   13    8        0.0000000000        0.0000000000
    1   13    9       -0.0000000000        0.0000000000
    1   13   10       -0.0000000000        0.0000000000
    1   13   11       -0.0000000000        0.0000000000
    1   13   12       -0.0000000000        0.0000000000
    1   13   13        0.9999969733        0.0000000000
    1   13   14        0.0000000000        0.0000000000
    1   13   15       -0.0000000000        0.0000000000
    1   13   16        0.0000001400        0.0000000000
    1   13   17       -0.0000000000        0.0000000000
    1   13   18       -0.0000000000        0.0000000000
    1   13   19        0.0000000000        0.0000000000
    1   13   20        0.0000000000        0.0000000000
    1   14    1       -0.0027289920        0.0000000000
    1   14    2       -0.0000000000        0.0000000000
    1   14    3        0.0000000000        0.0000000000
    1   14    4       -0.0001288552        0.0000000000
    1   14    5        0.0000000000        0.0000000000
    1   14    6       -0.0000000000        0.0000000000
    1   14    7        0.0000000000        0.0000000000
    1   14    8       -0.0000000000        0.0000000000
    1   14    9       -0.0031929520        0.0000000000
    1   14   10       -0.0000000000        0.0000000000
    1   14   11       -0.0008990071        0.0000000000
    1   14   12       -0.0000000000        0.0000000000
    1   14   13        0.0000000000        0.0000000000
    1   14   14        0.9999804683        0.0000000000
    1   14   15       -0.0000000000        0.0000000000
    1   14   16       -0.0000000000        0.0000000000
    1   14   17       -0.0000000000        0.0000000000
    1   14   18       -0.0000000000        0.0000000000
    1   14   19       -0.0009693844        0.0000000000
    1   14   20        0.0000000000        0.0000000000
    1   15    1        0.0000000000        0.0000000000
    1   15    2        0.0000000000        0.0000000000
    1   15    3       -0.0000000000        0.0000000000
    1   15    4       -0.0000000000        0.0000000000
    1   15    5       -0.2841524204        0.0000000000
    1   15    6       -0.0000000000        0.0000000000
    1   15    7       -0.0000000000        0.0000000000
    1   15    8       -0.0157365931        0.0000000000
    1   15    9       -0.0000000000        0.0000000000
    1   15   10        0.0000000000        0.0000000000
    1   15   11        0.0000000000        0.0000000000
    1   15   12        0.0000000000        0.0000000000
    1   15   13       -0.0000000000        0.0000000000
    1   15   14       -0.0000000000        0.0000000000
    1   15   15        0.9101853663        0.0000000000
    1   15   16        0.0000000000        0.0000000000
    1   15   17       -0.0000000000        0.0000000000
    1   15   18       -0.0023897515        0.0000000000
    1   15   19        0.0000000000        0.0000000000
    1   15   20       -0.0000000000        0.0000000000
    1   16    1        0.0000000000        0.0000000000
    1   16    2        0.0000000000        0.0000000000
    1   16    3        0.0000005132        0.0000000000
    1   16    4       -0.0000000000        0.0000000000
    1   16    5        0.0000000000        0.0000000000
    1   16    6       -0.0000369432        0.0000000000
    1   16    7        0.0000000000        0.0000000000
    1   16    8        0.0000000000        0.0000000000
    1   16    9        0.0000000000        0.0000000000
    1   16   10        0.0000000000        0.0000000000
    1   16   11        0.0000000000        0.0000000000
    1   16   12        0.0000000000        0.0000000000
    1   16   13        0.0000001400        0.0000000000
    1   16   14       -0.0000000000        0.0000000000
    1   16   15        0.0000000000        0.0000000000
    1   16   16        0.9999896315        0.0000000000
    1   16   17       -0.0000000000        0.0000000000
    1   16   18       -0.0000000000        0.0000000000
    1   16   19       -0.0000000000        0.0000000000
    1   16   20       -0.0000000000        0.0000000000
    1   17    1       -0.0000000000        0.0000000000
    1   17    2        0.0000026586        0.0000000000
    1   17    3       -0.0000000000        0.0000000000
    1   17    4        0.0000000000        0.0000000000
    1   17    5       -0.0000000000        0.0000000000
    1   17    6       -0.0000000000        0.0000000000
    1   17    7       -0.0000732695        0.0000000000
    1   17    8        0.0000000000        0.0000000000
    1   17    9       -0.0000000000        0.0000000000
    1   17   10       -0.0000016581        0.0000000000
    1   17   11       -0.0000000000        0.0000000000
    1   17   12        0.0000005755        0.0000000000
    1   17   13       -0.0000000000        0.0000000000
    1   17   14       -0.0000000000        0.0000000000
    1   17   15       -0.0000000000        0.0000000000
    1   17   16       -0.0000000000        0.0000000000
    1   17   17        0.9999892014        0.0000000000
    1   17   18       -0.0000000000        0.0000000000
    1   17   19        0.0000000000        0.0000000000
    1   17   20       -0.0000000510        0.0000000000
    1   18    1        0.0000000000        0.0000000000
    1   18    2        0.0000000000        0.0000000000
    1   18    3       -0.0000000000        0.0000000000
    1   18    4       -0.0000000000        0.0000000000
    1   18    5       -0.0075728327        0.0000000000
    1   18    6       -0.0000000000        0.0000000000
    1   18    7       -0.0000000000        0.0000000000
    1   18    8       -0.0004202539        0.0000000000
    1   18    9       -0.0000000000        0.0000000000
    1   18   10        0.0000000000        0.0000000000
    1   18   11        0.0000000000        0.0000000000
    1   18   12        0.0000000000        0.0000000000
    1   18   13       -0.0000000000        0.0000000000
    1   18   14       -0.0000000000        0.0000000000
    1   18   15       -0.0023897515        0.0000000000
    1   18   16       -0.0000000000        0.0000000000
    1   18   17       -0.0000000000        0.0000000000
    1   18   18        0.9999363014        0.0000000000
    1   18   19       -0.0000000000        0.0000000000
    1   18   20       -0.0000000000        0.0000000000
    1   19    1       -0.1353285720        0.0000000000
    1   19    2       -0.0000000000        0.0000000000
    1   19    3        0.0000000000        0.0000000000
    1   19    4       -0.0063847439        0.0000000000
    1   19    5        0.0000000000        0.0000000000
    1   19    6       -0.0000000000        0.0000000000
    1   19    7        0.0000000000        0.0000000000
    1   19    8       -0.0000000000        0.0000000000
    1   19    9       -0.1583470154        0.0000000000
    1   19   10       -0.0000000000        0.0000000000
    1   19   11       -0.0446459448        0.0000000000
    1   19   12       -0.0000000000        0.0000000000
    1   19   13        0.0000000000        0.0000000000
    1   19   14       -0.0009693844        0.0000000000
    1   19   15        0.0000000000        0.0000000000
    1   19   16       -0.0000000000        0.0000000000
    1   19   17        0.0000000000        0.0000000000
    1   19   18       -0.0000000000        0.0000000000
    1   19   19        0.9518577724        0.0000000000
    1   19   20        0.0000000000        0.0000000000
    1   20    1        0.0000000000        0.0000000000
    1   20    2       -0.0000625371        0.0000000000
    1   20    3        0.0000000000        0.0000000000
    1   20    4       -0.0000000000        0.0000000000
    1   20    5       -0.0000000000        0.0000000000
    1   20    6       -0.0000000000        0.0000000000
    1   20    7       -0.0000009945        0.0000000000
    1   20    8       -0.0000000000        0.0000000000
    1   20    9       -0.0000000000        0.0000000000
    1   20   10       -0.0000768868        0.0000000000
    1   20   11        0.0000000000        0.0000000000
    1   20   12       -0.0000187955        0.0000000000
    1   20   13        0.0000000000        0.0000000000
    1   20   14        0.0000000000        0.0000000000
    1   20   15       -0.0000000000        0.0000000000
    1   20   16       -0.0000000000        0.0000000000
    1   20   17       -0.0000000510        0.0000000000
    1   20   18       -0.0000000000        0.0000000000
    1   20   19        0.0000000000        0.0000000000
    1   20   20        0.9999792126        0.0000000000
    2    1    1        0.7857002512        0.0000000000
    2    1    2        0.0000000000        0.0000000000
    2    1    3        0.0000000000        0.0000000000
    2    1    4       -0.0143019999        0.0000000000
    2    1    5        0.0000000000        0.0000000000
    2    1    6        0.0000000000        0.0000000000
    2    1    7        0.0000000000        0.0000000000
    2    1    8        0.0000000000        0.0000000000
    2    1    9       -0.2276405123        0.0000000000
    2    1   10        0.0000000000        0.0000000000
    2    1   11       -0.0680635006        0.0000000000
    2    1   12        0.0000000000        0.0000000000
    2    1   13        0.0000000000        0.0000000000
    2    1   14       -0.0021493237        0.0000000000
    2    1   15        0.0000000000        0.0000000000
    2    1   16        0.0000000000        0.0000000000
    2    1   17        0.0000000000        0.0000000000
    2    1   18        0.0000000000        0.0000000000
    2    1   19       -0.0700581260        0.0000000000
    2    1   20        0.0000000000        0.0000000000
    2    2    1        0.0000000000        0.0000000000
    2    2    2        0.7637722532        0.0000000000
    2    2    3       -0.0000000000        0.0000000000
    2    2    4       -0.0000000000        0.0000000000
    2    2    5       -0.0000000000        0.0000000000
    2    2    6       -0.0000000000        0.0000000000
    2    2    7       -0.0237291942        0.0000000000
    2    2    8       -0.0000000000        0.0000000000
    2    2    9       -0.0000000000        0.0000000000
    2    2   10       -0.2236986494        0.0000000000
    2    2   11       -0.0000000000        0.0000000000
    2    2   12       -0.0754825364        0.0000000000
    2    2   13       -0.0000000000        0.0000000000
    2    2   14       -0.0000000000        0.0000000000
    2    2   15       -0.0000000000        0.0000000000
    2    2   16       -0.0000000000        0.0000000000
    2    2   17       -0.0036741239        0.0000000000
    2    2   18       -0.0000000000        0.0000000000
    2    2   19       -0.0000000000        0.0000000000
    2    2   20       -0.0735543627        0.0000000000
    2    3    1        0.0000000000        0.0000000000
    2    3    2       -0.0000000000        0.0000000000
    2    3    3        0.9935997742        0.0000000000
    2    3    4       -0.0000000000        0.0000000000
    2    3    5       -0.0000000000        0.0000000000
    2    3    6       -0.0534721637        0.0000000000
    2    3    7       -0.0000000000        0.0000000000
    2    3    8       -0.0000000000        0.0000000000
    2    3    9       -0.0000000000        0.0000000000
    2    3   10       -0.0000000000        0.0000000000
    2    3   11       -0.0000000000        0.0000000000
    2    3   12       -0.0000000000        0.0000000000
    2    3   13       -0.0009905923        0.0000000000
    2    3   14       -0.0000000000        0.0000000000
    2    3   15       -0.0000000000        0.0000000000
    2    3   16       -0.0173185889        0.0000000000
    2    3   17       -0.0000000000        0.0000000000
    2    3   18       -0.0000000000        0.0000000000
    2    3   19       -0.0000000000        0.0000000000
    2    3   20       -0.0000000000        0.0000000000
    2    4    1       -0.0143019999        0.0000000000
    2    4    2       -0.0000000000        0.0000000000
    2    4    3       -0.0000000000        0.0000000000
    2    4    4        0.9990330266        0.0000000000
    2    4    5        0.0000000000        0.0000000000
    2    4    6       -0.0000000000        0.0000000000
    2    4    7       -0.0000000000        0.0000000000
    2    4    8        0.0000000000        0.0000000000
    2    4    9       -0.0151819767        0.0000000000
    2    4   10       -0.0000000000        0.0000000000
    2    4   11       -0.0045354851        0.0000000000
    2    4   12       -0.0000000000        0.0000000000
    2    4   13       -0.0000000000        0.0000000000
    2    4   14       -0.0001450213        0.0000000000
    2    4   15        0.0000000000        0.0000000000
    2    4   16       -0.0000000000        0.0000000000
    2    4   17       -0.0000000000        0.0000000000
    2    4   18        0.0000000000        0.0000000000
    2    4   19       -0.0046669315        0.0000000000
    2    4   20       -0.0000000000        0.0000000000
    2    5    1        0.0000000000        0.0000000000
    2    5    2       -0.0000000000        0.0000000000
    2    5    3       -0.0000000000        0.0000000000
    2    5    4        0.0000000000        0.0000000000
    2    5    5        0.5491181436        0.0000000000
    2    5    6        0.0000000000        0.0000000000
    2    5    7        0.0000000000        0.0000000000
    2    5    8       -0.0346600617        0.0000000000
    2    5    9       -0.0000000000        0.0000000000
    2    5   10       -0.0000000000        0.0000000000
    2    5   11       -0.0000000000        0.0000000000
    2    5   12       -0.0000000000        0.0000000000
    2    5   13        0.0000000000        0.0000000000
    2    5   14       -0.0000000000        0.0000000000
    2    5   15       -0.1407570649        0.0000000000
    2    5   16        0.0000000000        0.0000000000
    2    5   17       -0.0000000000        0.0000000000
    2    5   18       -0.0052059652        0.0000000000
    2    5   19       -0.0000000000        0.0000000000
    2    5   20       -0.0000000000        0.0000000000
    2    6    1        0.0000000000        0.0000000000
    2    6    2       -0.0000000000        0.0000000000
    2    6    3       -0.0534721637        0.0000000000
    2    6    4       -0.0000000000        0.0000000000
    2    6    5        0.0000000000        0.0000000000
    2    6    6        0.5519755043        0.0000000000
    2    6    7        0.0000000000        0.0000000000
    2    6    8       -0.0000000000        0.0000000000
    2    6    9        0.0000000000        0.0000000000
    2    6   10        0.0000000000        0.0000000000
    2    6   11        0.0000000000        0.0000000000
    2    6   12        0.0000000000        0.0000000000
    2    6   13       -0.0082817026        0.0000000000
    2    6   14        0.0000000000        0.0000000000
    2    6   15       -0.0000000000        0.0000000000
    2    6   16       -0.1451646954        0.0000000000
    2    6   17        0.0000000000        0.0000000000
    2    6   18       -0.0000000000        0.0000000000
    2    6   19        0.0000000000        0.0000000000
    2    6   20        0.0000000000        0.0000000000
    2    7    1        0.0000000000        0.0000000000
    2    7    2       -0.0237291942        0.0000000000
    2    7    3       -0.0000000000        0.0000000000
    2    7    4       -0.0000000000        0.0000000000
    2    7    5        0.0000000000        0.0000000000
    2    7    6        0.0000000000        0.0000000000
    2    7    7        0.9976016485        0.0000000000
    2    7    8       -0.0000000000        0.0000000000
    2    7    9       -0.0000000000        0.0000000000
    2    7   10       -0.0224758227        0.0000000000
    2    7   11       -0.0000000000        0.0000000000
    2    7   12       -0.0075778887        0.0000000000
    2    7   13       -0.0000000000        0.0000000000
    2    7   14       -0.0000000000        0.0000000000
    2    7   15       -0.0000000000        0.0000000000
    2    7   16       -0.0000000000        0.0000000000
    2    7   17       -0.0003708773        0.0000000000
    2    7   18       -0.0000000000        0.0000000000
    2    7   19       -0.0000000000        0.0000000000
    2    7   20       -0.0073850583        0.0000000000
    2    8    1        0.0000000000        0.0000000000
    2    8    2       -0.0000000000        0.0000000000
    2    8    3       -0.0000000000        0.0000000000
    2    8    4        0.0000000000        0.0000000000
    2    8    5       -0.0346600617        0.0000000000
    2    8    6       -0.0000000000        0.0000000000
    2    8    7       -0.0000000000        0.0000000000
    2    8    8        0.9973202189        0.0000000000
    2    8    9       -0.0000000000        0.0000000000
    2    8   10        0.0000000000        0.0000000000
    2    8   11       -0.0000000000        0.0000000000
    2    8   12        0.0000000000        0.0000000000
    2    8   13       -0.0000000000        0.0000000000
    2    8   14       -0.0000000000        0.0000000000
    2    8   15       -0.0108133041        0.0000000000
    2    8   16       -0.0000000000        0.0000000000
    2    8   17        0.0000000000        0.0000000000
    2    8   18       -0.0004021431        0.0000000000
    2    8   19       -0.0000000000        0.0000000000
    2    8   20        0.0000000000        0.0000000000
    2    9    1       -0.2276405123        0.0000000000
    2    9    2       -0.0000000000        0.0000000000
    2    9    3       -0.0000000000        0.0000000000
    2    9    4       -0.0151819767        0.0000000000
    2    9    5       -0.0000000000        0.0000000000
    2    9    6        0.0000000000        0.0000000000
    2    9    7       -0.0000000000        0.0000000000
    2    9    8       -0.0000000000        0.0000000000
    2    9    9        0.7581736131        0.0000000000
    2    9   10        0.0000000000        0.0000000000
    2    9   11       -0.0722728139        0.0000000000
    2    9   12        0.0000000000        0.0000000000
    2    9   13       -0.0000000000        0.0000000000
    2    9   14       -0.0022807701        0.0000000000
    2    9   15        0.0000000000        0.0000000000
    2    9   16       -0.0000000000        0.0000000000
    2    9   17        0.0000000000        0.0000000000
    2    9   18        0.0000000000        0.0000000000
    2    9   19       -0.0743924972        0.0000000000
    2    9   20        0.0000000000        0.0000000000
    2   10    1        0.0000000000        0.0000000000
    2   10    2       -0.2236986494        0.0000000000
    2   10    3       -0.0000000000        0.0000000000
    2   10    4       -0.0000000000        0.0000000000
    2   10    5       -0.0000000000        0.0000000000
    2   10    6        0.0000000000        0.0000000000
    2   10    7       -0.0224758227        0.0000000000
    2   10    8        0.0000000000        0.0000000000
    2   10    9        0.0000000000        0.0000000000
    2   10   10        0.7881598284        0.0000000000
    2   10   11       -0.0000000000        0.0000000000
    2   10   12       -0.0715078952        0.0000000000
    2   10   13       -0.0000000000        0.0000000000
    2   10   14       -0.0000000000        0.0000000000
    2   10   15        0.0000000000        0.0000000000
    2   10   16       -0.0000000000        0.0000000000
    2   10   17       -0.0034812935        0.0000000000
    2   10   18        0.0000000000        0.0000000000
    2   10   19       -0.0000000000        0.0000000000
    2   10   20       -0.0696818479        0.0000000000
    2   11    1       -0.0680635006        0.0000000000
    2   11    2       -0.0000000000        0.0000000000
    2   11    3       -0.0000000000        0.0000000000
    2   11    4       -0.0045354851        0.0000000000
    2   11    5       -0.0000000000        0.0000000000
    2   11    6        0.0000000000        0.0000000000
    2   11    7       -0.0000000000        0.0000000000
    2   11    8       -0.0000000000        0.0000000000
    2   11    9       -0.0722728139        0.0000000000
    2   11   10       -0.0000000000        0.0000000000
    2   11   11        0.9781905410        0.0000000000
    2   11   12        0.0000000000        0.0000000000
    2   11   13        0.0000000000        0.0000000000
    2   11   14       -0.0006876052        0.0000000000
    2   11   15        0.0000000000        0.0000000000
    2   11   16        0.0000000000        0.0000000000
    2   11   17        0.0000000000        0.0000000000
    2   11   18        0.0000000000        0.0000000000
    2   11   19       -0.0224467040        0.0000000000
    2   11   20        0.0000000000        0.0000000000
    2   12    1        0.0000000000        0.0000000000
    2   12    2       -0.0754825364        0.0000000000
    2   12    3       -0.0000000000        0.0000000000
    2   12    4       -0.0000000000        0.0000000000
    2   12    5       -0.0000000000        0.0000000000
    2   12    6        0.0000000000        0.0000000000
    2   12    7       -0.0075778887        0.0000000000
    2   12    8        0.0000000000        0.0000000000
    2   12    9        0.0000000000        0.0000000000
    2   12   10       -0.0715078952        0.0000000000
    2   12   11        0.0000000000        0.0000000000
    2   12   12        0.9756641070        0.0000000000
    2   12   13       -0.0000000000        0.0000000000
    2   12   14       -0.0000000000        0.0000000000
    2   12   15        0.0000000000        0.0000000000
    2   12   16       -0.0000000000        0.0000000000
    2   12   17       -0.0011834194        0.0000000000
    2   12   18       -0.0000000000        0.0000000000
    2   12   19       -0.0000000000        0.0000000000
    2   12   20       -0.0237163917        0.0000000000
    2   13    1        0.0000000000        0.0000000000
    2   13    2       -0.0000000000        0.0000000000
    2   13    3       -0.0009905923        0.0000000000
    2   13    4       -0.0000000000        0.0000000000
    2   13    5        0.0000000000        0.0000000000
    2   13    6       -0.0082817026        0.0000000000
    2   13    7       -0.0000000000        0.0000000000
    2   13    8       -0.0000000000        0.0000000000
    2   13    9       -0.0000000000        0.0000000000
    2   13   10       -0.0000000000        0.0000000000
    2   13   11        0.0000000000        0.0000000000
    2   13   12       -0.0000000000        0.0000000000
    2   13   13        0.9998454286        0.0000000000
    2   13   14       -0.0000000000        0.0000000000
    2   13   15       -0.0000000000        0.0000000000
    2   13   16       -0.0027049897        0.0000000000
    2   13   17       -0.0000000000        0.0000000000
    2   13   18       -0.0000000000        0.0000000000
    2   13   19       -0.0000000000        0.0000000000
    2   13   20       -0.0000000000        0.0000000000
    2   14    1       -0.0021493237        0.0000000000
    2   14    2       -0.0000000000        0.0000000000
    2   14    3       -0.0000000000        0.0000000000
    2   14    4       -0.0001450213        0.0000000000
    2   14    5       -0.0000000000        0.0000000000
    2   14    6        0.0000000000        0.0000000000
    2   14    7       -0.0000000000        0.0000000000
    2   14    8       -0.0000000000        0.0000000000
    2   14    9       -0.0022807701        0.0000000000
    2   14   10       -0.0000000000        0.0000000000
    2   14   11       -0.0006876052        0.0000000000
    2   14   12       -0.0000000000        0.0000000000
    2   14   13       -0.0000000000        0.0000000000
    2   14   14        0.9999780619        0.0000000000
    2   14   15       -0.0000000000        0.0000000000
    2   14   16       -0.0000000000        0.0000000000
    2   14   17       -0.0000000000        0.0000000000
    2   14   18        0.0000000000        0.0000000000
    2   14   19       -0.0007074858        0.0000000000
    2   14   20       -0.0000000000        0.0000000000
    2   15    1        0.0000000000        0.0000000000
    2   15    2       -0.0000000000        0.0000000000
    2   15    3       -0.0000000000        0.0000000000
    2   15    4        0.0000000000        0.0000000000
    2   15    5       -0.1407570649        0.0000000000
    2   15    6       -0.0000000000        0.0000000000
    2   15    7       -0.0000000000        0.0000000000
    2   15    8       -0.0108133041        0.0000000000
    2   15    9        0.0000000000        0.0000000000
    2   15   10        0.0000000000        0.0000000000
    2   15   11        0.0000000000        0.0000000000
    2   15   12        0.0000000000        0.0000000000
    2   15   13       -0.0000000000        0.0000000000
    2   15   14       -0.0000000000        0.0000000000
    2   15   15        0.9556497940        0.0000000000
    2   15   16        0.0000000000        0.0000000000
    2   15   17       -0.0000000000        0.0000000000
    2   15   18       -0.0016387567        0.0000000000
    2   15   19        0.0000000000        0.0000000000
    2   15   20       -0.0000000000        0.0000000000
    2   16    1        0.0000000000        0.0000000000
    2   16    2       -0.0000000000        0.0000000000
    2   16    3       -0.0173185889        0.0000000000
    2   16    4       -0.0000000000        0.0000000000
    2   16    5        0.0000000000        0.0000000000
    2   16    6       -0.1451646954        0.0000000000
    2   16    7       -0.0000000000        0.0000000000
    2   16    8       -0.0000000000        0.0000000000
    2   16    9       -0.0000000000        0.0000000000
    2   16   10       -0.0000000000        0.0000000000
    2   16   11        0.0000000000        0.0000000000
    2   16   12       -0.0000000000        0.0000000000
    2   16   13       -0.0027049897        0.0000000000
    2   16   14       -0.0000000000        0.0000000000
    2   16   15        0.0000000000        0.0000000000
    2   16   16        0.9525520067        0.0000000000
    2   16   17       -0.0000000000        0.0000000000
    2   16   18       -0.0000000000        0.0000000000
    2   16   19        0.0000000000        0.0000000000
    2   16   20       -0.0000000000        0.0000000000
    2   17    1        0.0000000000        0.0000000000
    2   17    2       -0.0036741239        0.0000000000
    2   17    3       -0.0000000000        0.0000000000
    2   17    4       -0.0000000000        0.0000000000
    2   17    5       -0.0000000000        0.0000000000
    2   17    6        0.0000000000        0.0000000000
    2   17    7       -0.0003708773        0.0000000000
    2   17    8        0.0000000000        0.0000000000
    2   17    9        0.0000000000        0.0000000000
    2   17   10       -0.0034812935        0.0000000000
    2   17   11        0.0000000000        0.0000000000
    2   17   12       -0.0011834194        0.0000000000
    2   17   13       -0.0000000000        0.0000000000
    2   17   14       -0.0000000000        0.0000000000
    2   17   15       -0.0000000000        0.0000000000
    2   17   16       -0.0000000000        0.0000000000
    2   17   17        0.9999421731        0.0000000000
    2   17   18       -0.0000000000        0.0000000000
    2   17   19       -0.0000000000        0.0000000000
    2   17   20       -0.0011533903        0.0000000000
    2   18    1        0.0000000000        0.0000000000
    2   18    2       -0.0000000000        0.0000000000
    2   18    3       -0.0000000000        0.0000000000
    2   18    4        0.0000000000        0.0000000000
    2   18    5       -0.0052059652        0.0000000000
    2   18    6       -0.0000000000        0.0000000000
    2   18    7       -0.0000000000        0.0000000000
    2   18    8       -0.0004021431        0.0000000000
    2   18    9        0.0000000000        0.0000000000
    2   18   10        0.0000000000        0.0000000000
    2   18   11        0.0000000000        0.0000000000
    2   18   12       -0.0000000000        0.0000000000
    2   18   13       -0.0000000000        0.0000000000
    2   18   14        0.0000000000        0.0000000000
    2   18   15       -0.0016387567        0.0000000000
    2   18   16       -0.0000000000        0.0000000000
    2   18   17       -0.0000000000        0.0000000000
    2   18   18        0.9999391298        0.0000000000
    2   18   19       -0.0000000000        0.0000000000
    2   18   20        0.0000000000        0.0000000000
    2   19    1       -0.0700581260        0.0000000000
    2   19    2       -0.0000000000        0.0000000000
    2   19    3       -0.0000000000        0.0000000000
    2   19    4       -0.0046669315        0.0000000000
    2   19    5       -0.0000000000        0.0000000000
    2   19    6        0.0000000000        0.0000000000
    2   19    7       -0.0000000000        0.0000000000
    2   19    8       -0.0000000000        0.0000000000
    2   19    9       -0.0743924972        0.0000000000
    2   19   10       -0.0000000000        0.0000000000
    2   19   11       -0.0224467040        0.0000000000
    2   19   12       -0.0000000000        0.0000000000
    2   19   13       -0.0000000000        0.0000000000
    2   19   14       -0.0007074858        0.0000000000
    2   19   15        0.0000000000        0.0000000000
    2   19   16        0.0000000000        0.0000000000
    2   19   17       -0.0000000000        0.0000000000
    2   19   18       -0.0000000000        0.0000000000
    2   19   19        0.9768972199        0.0000000000
    2   19   20        0.0000000000        0.0000000000
    2   20    1        0.0000000000        0.0000000000
    2   20    2       -0.0735543627        0.0000000000
    2   20    3       -0.0000000000        0.0000000000
    2   20    4       -0.0000000000        0.0000000000
    2   20    5       -0.0000000000        0.0000000000
    2   20    6        0.0000000000        0.0000000000
    2   20    7       -0.0073850583        0.0000000000
    2   20    8        0.0000000000        0.0000000000
    2   20    9        0.0000000000        0.0000000000
    2   20   10       -0.0696818479        0.0000000000
    2   20   11        0.0000000000        0.0000000000
    2   20   12       -0.0237163917        0.0000000000
    2   20   13       -0.0000000000        0.0000000000
    2   20   14       -0.0000000000        0.0000000000
    2   20   15       -0.0000000000        0.0000000000
    2   20   16       -0.0000000000        0.0000000000
    2   20   17       -0.0011533903        0.0000000000
    2   20   18        0.0000000000        0.0000000000
    2   20   19        0.0000000000        0.0000000000
    2   20   20        0.9768872760        0.0000000000
    3    1    1        0.9991330859        0.0000000000
    3    1    2        0.0000000000        0.0000000000
    3    1    3       -0.0000000000        0.0000000000
    3    1    4       -0.0000797430        0.0000000000
    3    1    5        0.0000000000        0.0000000000
    3    1    6       -0.0000000000        0.0000000000
    3    1    7        0.0000000000        0.0000000000
    3    1    8       -0.0000000000        0.0000000000
    3    1    9       -0.0007489744        0.0000000000
    3    1   10        0.0000000000        0.0000000000
    3    1   11       -0.0002437200        0.0000000000
    3    1   12        0.0000000000        0.0000000000
    3    1   13       -0.0000000000        0.0000000000
    3    1   14       -0.0000115566        0.0000000000
    3    1   15        0.0000000000        0.0000000000
    3    1   16       -0.0000000000        0.0000000000
    3    1   17        0.0000000000        0.0000000000
    3    1   18       -0.0000000000        0.0000000000
    3    1   19       -0.0002269177        0.0000000000
    3    1   20        0.0000000000        0.0000000000
    3    2    1        0.0000000000        0.0000000000
    3    2    2        0.4810020439        0.0000000000
    3    2    3       -0.0000000000        0.0000000000
    3    2    4       -0.0000000000        0.0000000000
    3    2    5       -0.0000000000        0.0000000000
    3    2    6       -0.0000000000        0.0000000000
    3    2    7       -0.0309035420        0.0000000000
    3    2    8        0.0000000000        0.0000000000
    3    2    9       -0.0000000000        0.0000000000
    3    2   10       -0.4455145672        0.0000000000
    3    2   11       -0.0000000000        0.0000000000
    3    2   12       -0.1614531232        0.0000000000
    3    2   13       -0.0000000000        0.0000000000
    3    2   14       -0.0000000000        0.0000000000
    3    2   15       -0.0000000000        0.0000000000
    3    2   16       -0.0000000000        0.0000000000
    3    2   17       -0.0047663419        0.0000000000
    3    2   18        0.0000000000        0.0000000000
    3    2   19       -0.0000000000        0.0000000000
    3    2   20       -0.1501072051        0.0000000000
    3    3    1       -0.0000000000        0.0000000000
    3    3    2       -0.0000000000        0.0000000000
    3    3    3        0.9941974324        0.0000000000
    3    3    4        0.0000000000        0.0000000000
    3    3    5        0.0000000000        0.0000000000
    3    3    6       -0.0720528904        0.0000000000
    3    3    7       -0.0000000000        0.0000000000
    3    3    8        0.0000000000        0.0000000000
    3    3    9        0.0000000000        0.0000000000
    3    3   10       -0.0000000000        0.0000000000
    3    3   11        0.0000000000        0.0000000000
    3    3   12       -0.0000000000        0.0000000000
    3    3   13       -0.0008922744        0.0000000000
    3    3   14        0.0000000000        0.0000000000
    3    3   15        0.0000000000        0.0000000000
    3    3   16       -0.0232186799        0.0000000000
    3    3   17       -0.0000000000        0.0000000000
    3    3   18        0.0000000000        0.0000000000
    3    3   19        0.0000000000        0.0000000000
    3    3   20       -0.0000000000        0.0000000000
    3    4    1       -0.0000797430        0.0000000000
    3    4    2       -0.0000000000        0.0000000000
    3    4    3        0.0000000000        0.0000000000
    3    4    4        0.9984005013        0.0000000000
    3    4    5        0.0000000000        0.0000000000
    3    4    6       -0.0000000000        0.0000000000
    3    4    7        0.0000000000        0.0000000000
    3    4    8       -0.0000000000        0.0000000000
    3    4    9        0.0000886092        0.0000000000
    3    4   10        0.0000000000        0.0000000000
    3    4   11       -0.0000091520        0.0000000000
    3    4   12        0.0000000000        0.0000000000
    3    4   13       -0.0000000000        0.0000000000
    3    4   14       -0.0002553922        0.0000000000
    3    4   15        0.0000000000        0.0000000000
    3    4   16       -0.0000000000        0.0000000000
    3    4   17        0.0000000000        0.0000000000
    3    4   18       -0.0000000000        0.0000000000
    3    4   19        0.0000175156        0.0000000000
    3    4   20        0.0000000000        0.0000000000
    3    5    1        0.0000000000        0.0000000000
    3    5    2       -0.0000000000        0.0000000000
    3    5    3        0.0000000000        0.0000000000
    3    5    4        0.0000000000        0.0000000000
    3    5    5        0.9995670449        0.0000000000
    3    5    6        0.0000000000        0.0000000000
    3    5    7       -0.0000000000        0.0000000000
    3    5    8       -0.0000006912        0.0000000000
    3    5    9        0.0000000000        0.0000000000
    3    5   10       -0.0000000000        0.0000000000
    3    5   11        0.0000000000        0.0000000000
    3    5   12       -0.0000000000        0.0000000000
    3    5   13        0.0000000000        0.0000000000
    3    5   14        0.0000000000        0.0000000000
    3    5   15       -0.0001245616        0.0000000000
    3    5   16        0.0000000000        0.0000000000
    3    5   17       -0.0000000000        0.0000000000
    3    5   18        0.0000007357        0.0000000000
    3    5   19        0.0000000000        0.0000000000
    3    5   20       -0.0000000000        0.0000000000
    3    6    1       -0.0000000000        0.0000000000
    3    6    2       -0.0000000000        0.0000000000
    3    6    3       -0.0720528904        0.0000000000
    3    6    4       -0.0000000000        0.0000000000
    3    6    5        0.0000000000        0.0000000000
    3    6    6        0.1025772498        0.0000000000
    3    6    7        0.0000000000        0.0000000000
    3    6    8        0.0000000000        0.0000000000
    3    6    9       -0.0000000000        0.0000000000
    3    6   10        0.0000000000        0.0000000000
    3    6   11       -0.0000000000        0.0000000000
    3    6   12        0.0000000000        0.0000000000
    3    6   13       -0.0111100531        0.0000000000
    3    6   14        0.0000000000        0.0000000000
    3    6   15        0.0000000000        0.0000000000
    3    6   16       -0.2898804893        0.0000000000
    3    6   17        0.0000000000        0.0000000000
    3    6   18        0.0000000000        0.0000000000
    3    6   19       -0.0000000000        0.0000000000
    3    6   20        0.0000000000        0.0000000000
    3    7    1        0.0000000000        0.0000000000
    3    7    2       -0.0309035420        0.0000000000
    3    7    3       -0.0000000000        0.0000000000
    3    7    4        0.0000000000        0.0000000000
    3    7    5       -0.0000000000        0.0000000000
    3    7    6        0.0000000000        0.0000000000
    3    7    7        0.9981546243        0.0000000000
    3    7    8        0.0000000000        0.0000000000
    3    7    9        0.0000000000        0.0000000000
    3    7   10       -0.0265359173        0.0000000000
    3    7   11        0.0000000000        0.0000000000
    3    7   12       -0.0095950164        0.0000000000
    3    7   13       -0.0000000000        0.0000000000
    3    7   14        0.0000000000        0.0000000000
    3    7   15        0.0000000000        0.0000000000
    3    7   16       -0.0000000000        0.0000000000
    3    7   17       -0.0002839367        0.0000000000
    3    7   18        0.0000000000        0.0000000000
    3    7   19        0.0000000000        0.0000000000
    3    7   20       -0.0089219088        0.0000000000
    3    8    1       -0.0000000000        0.0000000000
    3    8    2        0.0000000000        0.0000000000
    3    8    3        0.0000000000        0.0000000000
    3    8    4       -0.0000000000        0.0000000000
    3    8    5       -0.0000006912        0.0000000000
    3    8    6        0.0000000000        0.0000000000
    3    8    7        0.0000000000        0.0000000000
    3    8    8        0.9995429145        0.0000000000
    3    8    9        0.0000000000        0.0000000000
    3    8   10        0.0000000000        0.0000000000
    3    8   11        0.0000000000        0.0000000000
    3    8   12        0.0000000000        0.0000000000
    3    8   13        0.0000000000        0.0000000000
    3    8   14       -0.0000000000        0.0000000000
    3    8   15        0.0000019053        0.0000000000
    3    8   16        0.0000000000        0.0000000000
    3    8   17        0.0000000000        0.0000000000
    3    8   18       -0.0000731376        0.0000000000
    3    8   19        0.0000000000        0.0000000000
    3    8   20        0.0000000000        0.0000000000
    3    9    1       -0.0007489744        0.0000000000
    3    9    2       -0.0000000000        0.0000000000
    3    9    3        0.0000000000        0.0000000000
    3    9    4        0.0000886092        0.0000000000
    3    9    5        0.0000000000        0.0000000000
    3    9    6       -0.0000000000        0.0000000000
    3    9    7        0.0000000000        0.0000000000
    3    9    8        0.0000000000        0.0000000000
    3    9    9        0.9993372984        0.0000000000
    3    9   10        0.0000000000        0.0000000000
    3    9   11       -0.0002118343        0.0000000000
    3    9   12        0.0000000000        0.0000000000
    3    9   13       -0.0000000000        0.0000000000
    3    9   14        0.0000151110        0.0000000000
    3    9   15        0.0000000000        0.0000000000
    3    9   16       -0.0000000000        0.0000000000
    3    9   17        0.0000000000        0.0000000000
    3    9   18        0.0000000000        0.0000000000
    3    9   19       -0.0001998015        0.0000000000
    3    9   20        0.0000000000        0.0000000000
    3   10    1        0.0000000000        0.0000000000
    3   10    2       -0.4455145672        0.0000000000
    3   10    3       -0.0000000000        0.0000000000
    3   10    4        0.0000000000        0.0000000000
    3   10    5       -0.0000000000        0.0000000000
    3   10    6        0.0000000000        0.0000000000
    3   10    7       -0.0265359173        0.0000000000
    3   10    8        0.0000000000        0.0000000000
    3   10    9        0.0000000000        0.0000000000
    3   10   10        0.6175464120        0.0000000000
    3   10   11        0.0000000000        0.0000000000
    3   10   12       -0.1386155230        0.0000000000
    3   10   13        0.0000000000        0.0000000000
    3   10   14        0.0000000000        0.0000000000
    3   10   15       -0.0000000000        0.0000000000
    3   10   16        0.0000000000        0.0000000000
    3   10   17       -0.0040932343        0.0000000000
    3   10   18        0.0000000000        0.0000000000
    3   10   19        0.0000000000        0.0000000000
    3   10   20       -0.1288773268        0.0000000000
    3   11    1       -0.0002437200        0.0000000000
    3   11    2       -0.0000000000        0.0000000000
    3   11    3        0.0000000000        0.0000000000
    3   11    4       -0.0000091520        0.0000000000
    3   11    5        0.0000000000        0.0000000000
    3   11    6       -0.0000000000        0.0000000000
    3   11    7        0.0000000000        0.0000000000
    3   11    8        0.0000000000        0.0000000000
    3   11    9       -0.0002118343        0.0000000000
    3   11   10        0.0000000000        0.0000000000
    3   11   11        0.9999312576        0.0000000000
    3   11   12        0.0000000000        0.0000000000
    3   11   13       -0.0000000000        0.0000000000
    3   11   14       -0.0000011567        0.0000000000
    3   11   15        0.0000000000        0.0000000000
    3   11   16       -0.0000000000        0.0000000000
    3   11   17        0.0000000000        0.0000000000
    3   11   18       -0.0000000000        0.0000000000
    3   11   19       -0.0000642161        0.0000000000
    3   11   20        0.0000000000        0.0000000000
    3   12    1        0.0000000000        0.0000000000
    3   12    2       -0.1614531232        0.0000000000
    3   12    3       -0.0000000000        0.0000000000
    3   12    4        0.0000000000        0.0000000000
    3   12    5       -0.0000000000        0.0000000000
    3   12    6        0.0000000000        0.0000000000
    3   12    7       -0.0095950164        0.0000000000
    3   12    8        0.0000000000        0.0000000000
    3   12    9        0.0000000000        0.0000000000
    3   12   10       -0.1386155230        0.0000000000
    3   12   11        0.0000000000        0.0000000000
    3   12   12        0.9492963242        0.0000000000
    3   12   13        0.0000000000        0.0000000000
    3   12   14       -0.0000000000        0.0000000000
    3   12   15       -0.0000000000        0.0000000000
    3   12   16       -0.0000000000        0.0000000000
    3   12   17       -0.0014950028        0.0000000000
    3   12   18        0.0000000000        0.0000000000
    3   12   19       -0.0000000000        0.0000000000
    3   12   20       -0.0471451129        0.0000000000
    3   13    1       -0.0000000000        0.0000000000
    3   13    2       -0.0000000000        0.0000000000
    3   13    3       -0.0008922744        0.0000000000
    3   13    4       -0.0000000000        0.0000000000
    3   13    5        0.0000000000        0.0000000000
    3   13    6       -0.0111100531        0.0000000000
    3   13    7       -0.0000000000        0.0000000000
    3   13    8        0.0000000000        0.0000000000
    3   13    9       -0.0000000000        0.0000000000
    3   13   10        0.0000000000        0.0000000000
    3   13   11       -0.0000000000        0.0000000000
    3   13   12        0.0000000000        0.0000000000
    3   13   13        0.9998612868        0.0000000000
    3   13   14        0.0000000000        0.0000000000
    3   13   15        0.0000000000        0.0000000000
    3   13   16       -0.0036165926        0.0000000000
    3   13   17       -0.0000000000        0.0000000000
    3   13   18        0.0000000000        0.0000000000
    3   13   19        0.0000000000        0.0000000000
    3   13   20       -0.0000000000        0.0000000000
    3   14    1       -0.0000115566        0.0000000000
    3   14    2       -0.0000000000        0.0000000000
    3   14    3        0.0000000000        0.0000000000
    3   14    4       -0.0002553922        0.0000000000
    3   14    5        0.0000000000        0.0000000000
    3   14    6        0.0000000000        0.0000000000
    3   14    7        0.0000000000        0.0000000000
    3   14    8       -0.0000000000        0.0000000000
    3   14    9        0.0000151110        0.0000000000
    3   14   10        0.0000000000        0.0000000000
    3   14   11       -0.0000011567        0.0000000000
    3   14   12       -0.0000000000        0.0000000000
    3   14   13        0.0000000000        0.0000000000
    3   14   14        0.9999590047        0.0000000000
    3   14   15        0.0000000000        0.0000000000
    3   14   16       -0.0000000000        0.0000000000
    3   14   17        0.0000000000        0.0000000000
    3   14   18       -0.0000000000        0.0000000000
    3   14   19        0.0000030998        0.0000000000
    3   14   20        0.0000000000        0.0000000000
    3   15    1        0.0000000000        0.0000000000
    3   15    2       -0.0000000000        0.0000000000
    3   15    3        0.0000000000        0.0000000000
    3   15    4        0.0000000000        0.0000000000
    3   15    5       -0.0001245616        0.0000000000
    3   15    6        0.0000000000        0.0000000000
    3   15    7        0.0000000000        0.0000000000
    3   15    8        0.0000019053        0.0000000000
    3   15    9        0.0000000000        0.0000000000
    3   15   10       -0.0000000000        0.0000000000
    3   15   11        0.0000000000        0.0000000000
    3   15   12       -0.0000000000        0.0000000000
    3   15   13        0.0000000000        0.0000000000
    3   15   14        0.0000000000        0.0000000000
    3   15   15        0.9999640950        0.0000000000
    3   15   16        0.0000000000        0.0000000000
    3   15   17       -0.0000000000        0.0000000000
    3   15   18        0.0000005484        0.0000000000
    3   15   19        0.0000000000        0.0000000000
    3   15   20       -0.0000000000        0.0000000000
    3   16    1       -0.0000000000        0.0000000000
    3   16    2       -0.0000000000        0.0000000000
    3   16    3       -0.0232186799        0.0000000000
    3   16    4       -0.0000000000        0.0000000000
    3   16    5        0.0000000000        0.0000000000
    3   16    6       -0.2898804893        0.0000000000
    3   16    7       -0.0000000000        0.0000000000
    3   16    8        0.0000000000        0.0000000000
    3   16    9       -0.0000000000        0.0000000000
    3   16   10        0.0000000000        0.0000000000
    3   16   11       -0.0000000000        0.0000000000
    3   16   12       -0.0000000000        0.0000000000
    3   16   13       -0.0036165926        0.0000000000
    3   16   14       -0.0000000000        0.0000000000
    3   16   15        0.0000000000        0.0000000000
    3   16   16        0.9054825171        0.0000000000
    3   16   17        0.0000000000        0.0000000000
    3   16   18        0.0000000000        0.0000000000
    3   16   19       -0.0000000000        0.0000000000
    3   16   20        0.0000000000        0.0000000000
    3   17    1        0.0000000000        0.0000000000
    3   17    2       -0.0047663419        0.0000000000
    3   17    3       -0.0000000000        0.0000000000
    3   17    4        0.0000000000        0.0000000000
    3   17    5       -0.0000000000        0.0000000000
    3   17    6        0.0000000000        0.0000000000
    3   17    7       -0.0002839367        0.0000000000
    3   17    8        0.0000000000        0.0000000000
    3   17    9        0.0000000000        0.0000000000
    3   17   10       -0.0040932343        0.0000000000
    3   17   11        0.0000000000        0.0000000000
    3   17   12       -0.0014950028        0.0000000000
    3   17   13       -0.0000000000        0.0000000000
    3   17   14        0.0000000000        0.0000000000
    3   17   15       -0.0000000000        0.0000000000
    3   17   16        0.0000000000        0.0000000000
    3   17   17        0.9999558313        0.0000000000
    3   17   18        0.0000000000        0.0000000000
    3   17   19       -0.0000000000        0.0000000000
    3   17   20       -0.0013902420        0.0000000000
    3   18    1       -0.0000000000        0.0000000000
    3   18    2        0.0000000000        0.0000000000
    3   18    3        0.0000000000        0.0000000000
    3   18    4       -0.0000000000        0.0000000000
    3   18    5        0.0000007357        0.0000000000
    3   18    6        0.0000000000        0.0000000000
    3   18    7        0.0000000000        0.0000000000
    3   18    8       -0.0000731376        0.0000000000
    3   18    9        0.0000000000        0.0000000000
    3   18   10        0.0000000000        0.0000000000
    3   18   11       -0.0000000000        0.0000000000
    3   18   12        0.0000000000        0.0000000000
    3   18   13        0.0000000000        0.0000000000
    3   18   14       -0.0000000000        0.0000000000
    3   18   15        0.0000005484        0.0000000000
    3   18   16        0.0000000000        0.0000000000
    3   18   17        0.0000000000        0.0000000000
    3   18   18        0.9999882400        0.0000000000
    3   18   19        0.0000000000        0.0000000000
    3   18   20        0.0000000000        0.0000000000
    3   19    1       -0.0002269177        0.0000000000
    3   19    2       -0.0000000000        0.0000000000
    3   19    3        0.0000000000        0.0000000000
    3   19    4        0.0000175156        0.0000000000
    3   19    5        0.0000000000        0.0000000000
    3   19    6       -0.0000000000        0.0000000000
    3   19    7        0.0000000000        0.0000000000
    3   19    8        0.0000000000        0.0000000000
    3   19    9       -0.0001998015        0.0000000000
    3   19   10        0.0000000000        0.0000000000
    3   19   11       -0.0000642161        0.0000000000
    3   19   12       -0.0000000000        0.0000000000
    3   19   13        0.0000000000        0.0000000000
    3   19   14        0.0000030998        0.0000000000
    3   19   15        0.0000000000        0.0000000000
    3   19   16       -0.0000000000        0.0000000000
    3   19   17       -0.0000000000        0.0000000000
    3   19   18        0.0000000000        0.0000000000
    3   19   19        0.9999395855        0.0000000000
    3   19   20        0.0000000000        0.0000000000
    3   20    1        0.0000000000        0.0000000000
    3   20    2       -0.1501072051        0.0000000000
    3   20    3       -0.0000000000        0.0000000000
    3   20    4        0.0000000000        0.0000000000
    3   20    5       -0.0000000000        0.0000000000
    3   20    6        0.0000000000        0.0000000000
    3   20    7       -0.0089219088        0.0000000000
    3   20    8        0.0000000000        0.0000000000
    3   20    9        0.0000000000        0.0000000000
    3   20   10       -0.1288773268        0.0000000000
    3   20   11        0.0000000000        0.0000000000
    3   20   12       -0.0471451129        0.0000000000
    3   20   13       -0.0000000000        0.0000000000
    3   20   14        0.0000000000        0.0000000000
    3   20   15       -0.0000000000        0.0000000000
    3   20   16        0.0000000000        0.0000000000
    3   20   17       -0.0013902420        0.0000000000
    3   20   18        0.0000000000        0.0000000000
    3   20   19        0.0000000000        0.0000000000
    3   20   20        0.9561632503        0.0000000000
