190
262143
393215
458751
491519
507903
516095
520191
522239
523263
523775
524031
524159
524223
524255
524271
524279
524283
524285
524286
655359
720895
753663
770047
778239
782335
784383
785407
785919
786175
786303
786367
786399
786415
786423
786427
786429
786430
851967
884735
901119
909311
913407
915455
916479
916991
917247
917375
917439
917471
917487
917495
917499
917501
917502
950271
966655
974847
978943
980991
982015
982527
982783
982911
982975
983007
983023
983031
983035
983037
983038
999423
1007615
1011711
1013759
1014783
1015295
1015551
1015679
1015743
1015775
1015791
1015799
1015803
1015805
1015806
1023999
1028095
1030143
1031167
1031679
1031935
1032063
1032127
1032159
1032175
1032183
1032187
1032189
1032190
1036287
1038335
1039359
1039871
1040127
1040255
1040319
1040351
1040367
1040375
1040379
1040381
1040382
1042431
1043455
1043967
1044223
1044351
1044415
1044447
1044463
1044471
1044475
1044477
1044478
1045503
1046015
1046271
1046399
1046463
1046495
1046511
1046519
1046523
1046525
1046526
1047039
1047295
1047423
1047487
1047519
1047535
1047543
1047547
1047549
1047550
1047807
1047935
1047999
1048031
1048047
1048055
1048059
1048061
1048062
1048191
1048255
1048287
1048303
1048311
1048315
1048317
1048318
1048383
1048415
1048431
1048439
1048443
1048445
1048446
1048479
1048495
1048503
1048507
1048509
1048510
1048527
1048535
1048539
1048541
1048542
1048551
1048555
1048557
1048558
1048563
1048565
1048566
1048569
1048570
1048572
