                  74
         1             1    -77.273666666666642    0.000000000000000    
         1             4    0.083000000000000    0.000000000000000    
         1             9    0.280000000000000    0.000000000000000    
         1            11    1.635000000000000    0.000000000000000    
         1            19    0.425000000000000    0.000000000000000    
         2             2    -77.347666666666655    0.000000000000000    
         2            10    0.280000000000002    0.000000000000000    
         2            12    1.635000000000000    0.000000000000000    
         2            20    0.425000000000000    0.000000000000000    
         3             3    -77.512166666666644    0.000000000000000    
         3             6    0.101653824325502    0.000000000000000    
         3            13    1.210000000000000    0.000000000000000    
         4             1    0.083000000000000    0.000000000000000    
         4             4    -77.669166666666655    0.000000000000000    
         4            14    1.210000000000000    0.000000000000000    
         5             5    -76.910666666666657    0.000000000000000    
         5             8    0.101653824325502    0.000000000000000    
         5            15    2.060000000000000    0.000000000000000    
         6             3    0.101653824325502    0.000000000000000    
         6             6    -77.150666666666666    0.000000000000000    
         6            16    2.060000000000000    0.000000000000000    
         7             7    -77.429166666666646    0.000000000000000    
         7            10    0.083000000000000    0.000000000000000    
         7            17    1.210000000000000    0.000000000000000    
         8             5    0.101653824325502    0.000000000000000    
         8             8    -77.752166666666653    0.000000000000000    
         8            18    1.210000000000000    0.000000000000000    
         9             1    0.280000000000002    0.000000000000000    
         9             9    -77.107666666666645    0.000000000000000    
         9            11    0.425000000000000    0.000000000000000    
         9            19    1.635000000000000    0.000000000000000    
        10             2    0.280000000000000    0.000000000000000    
        10             7    0.083000000000000    0.000000000000000    
        10            10    -77.513666666666651    0.000000000000000    
        10            12    0.425000000000000    0.000000000000000    
        10            20    1.635000000000000    0.000000000000000    
        11             1    1.635000000000000    0.000000000000000    
        11             9    0.425000000000000    0.000000000000000    
        11            11    27.477333333333334    0.000000000000000    
        11            19    0.720000000000000    0.000000000000000    
        12             2    1.635000000000000    0.000000000000000    
        12            10    0.425000000000000    0.000000000000000    
        12            12    27.477333333333334    0.000000000000000    
        12            20    0.720000000000000    0.000000000000000    
        13             3    1.210000000000000    0.000000000000000    
        13            13    26.757333333333335    0.000000000000000    
        14             4    1.210000000000000    0.000000000000000    
        14            14    26.757333333333335    0.000000000000000    
        15             5    2.060000000000000    0.000000000000000    
        15            15    28.197333333333340    0.000000000000000    
        16             6    2.060000000000000    0.000000000000000    
        16            16    28.197333333333340    0.000000000000000    
        17             7    1.210000000000000    0.000000000000000    
        17            17    26.757333333333335    0.000000000000000    
        18             8    1.210000000000000    0.000000000000000    
        18            18    26.757333333333335    0.000000000000000    
        19             1    0.425000000000000    0.000000000000000    
        19             9    1.635000000000000    0.000000000000000    
        19            11    0.720000000000000    0.000000000000000    
        19            19    27.477333333333334    0.000000000000000    
        20             2    0.425000000000000    0.000000000000000    
        20            10    1.635000000000000    0.000000000000000    
        20            12    0.720000000000000    0.000000000000000    
        20            20    27.477333333333334    0.000000000000000    
        21            21    -641.020166666666682    0.000000000000000    
        21            24    8.136677731113602    0.000000000000000    
        22            22    -629.513166666666621    0.000000000000000    
        23            23    -635.266666666666652    0.000000000000000    
        23            26    8.136677731113602    0.000000000000000    
        24            21    8.136677731113602    0.000000000000000    
        24            24    -635.266666666666652    0.000000000000000    
        25            25    -629.513166666666621    0.000000000000000    
        26            23    8.136677731113602    0.000000000000000    
        26            26    -641.020166666666682    0.000000000000000    
