                  64
         1             1    -252.851444444444439    0.000000000000000    
         1             4    0.083000000000000    0.000000000000000    
         1             9    0.279999999999996    0.000000000000000    
         1            11    1.635000000000000    0.000000000000000    
         1            19    0.425000000000000    0.000000000000000    
         2             2    -252.925444444444452    0.000000000000000    
         2            10    0.279999999999996    0.000000000000000    
         2            12    1.635000000000000    0.000000000000000    
         2            20    0.425000000000000    0.000000000000000    
         3             3    -253.089944444444427    0.000000000000000    
         3             6    0.101653824325502    0.000000000000000    
         3            13    1.210000000000000    0.000000000000000    
         4             1    0.083000000000000    0.000000000000000    
         4             4    -253.246944444444438    0.000000000000000    
         4            14    1.210000000000000    0.000000000000000    
         5             5    -252.488444444444440    0.000000000000000    
         5             8    0.101653824325502    0.000000000000000    
         5            15    2.060000000000000    0.000000000000000    
         6             3    0.101653824325502    0.000000000000000    
         6             6    -252.728444444444449    0.000000000000000    
         6            16    2.060000000000000    0.000000000000000    
         7             7    -253.006944444444457    0.000000000000000    
         7            10    0.083000000000000    0.000000000000000    
         7            17    1.210000000000000    0.000000000000000    
         8             5    0.101653824325502    0.000000000000000    
         8             8    -253.329944444444436    0.000000000000000    
         8            18    1.210000000000000    0.000000000000000    
         9             1    0.279999999999996    0.000000000000000    
         9             9    -252.685444444444443    0.000000000000000    
         9            11    0.425000000000000    0.000000000000000    
         9            19    1.635000000000000    0.000000000000000    
        10             2    0.279999999999996    0.000000000000000    
        10             7    0.083000000000000    0.000000000000000    
        10            10    -253.091444444444448    0.000000000000000    
        10            12    0.425000000000000    0.000000000000000    
        10            20    1.635000000000000    0.000000000000000    
        11             1    1.635000000000000    0.000000000000000    
        11             9    0.425000000000000    0.000000000000000    
        11            11    -199.100444444444463    0.000000000000000    
        11            19    0.720000000000000    0.000000000000000    
        12             2    1.635000000000000    0.000000000000000    
        12            10    0.425000000000000    0.000000000000000    
        12            12    -199.100444444444463    0.000000000000000    
        12            20    0.720000000000000    0.000000000000000    
        13             3    1.210000000000000    0.000000000000000    
        13            13    -199.820444444444462    0.000000000000000    
        14             4    1.210000000000000    0.000000000000000    
        14            14    -199.820444444444462    0.000000000000000    
        15             5    2.060000000000000    0.000000000000000    
        15            15    -198.380444444444436    0.000000000000000    
        16             6    2.060000000000000    0.000000000000000    
        16            16    -198.380444444444436    0.000000000000000    
        17             7    1.210000000000000    0.000000000000000    
        17            17    -199.820444444444462    0.000000000000000    
        18             8    1.210000000000000    0.000000000000000    
        18            18    -199.820444444444462    0.000000000000000    
        19             1    0.425000000000000    0.000000000000000    
        19             9    1.635000000000000    0.000000000000000    
        19            11    0.720000000000000    0.000000000000000    
        19            19    -199.100444444444463    0.000000000000000    
        20             2    0.425000000000000    0.000000000000000    
        20            10    1.635000000000000    0.000000000000000    
        20            12    0.720000000000000    0.000000000000000    
        20            20    -199.100444444444463    0.000000000000000    
