8.426000000000000227e+02 2.947158593620240056e-04
8.426400400400400486e+02 2.968103134074766194e-04
8.426800800800800744e+02 2.989276947786256833e-04
8.427201201201201002e+02 3.010683429663179819e-04
8.427601601601602397e+02 3.032326038034222049e-04
8.428002002002002655e+02 3.054208296079249864e-04
8.428402402402402913e+02 3.076333793300437490e-04
8.428802802802803171e+02 3.098706187030028517e-04
8.429203203203203429e+02 3.121329203979599540e-04
8.429603603603603688e+02 3.144206641830872063e-04
8.430004004004003946e+02 3.167342370868008144e-04
8.430404404404404204e+02 3.190740335656643283e-04
8.430804804804804462e+02 3.214404556766073807e-04
8.431205205205205857e+02 3.238339132538309447e-04
8.431605605605606115e+02 3.262548240907929987e-04
8.432006006006006373e+02 3.287036141269445160e-04
8.432406406406406632e+02 3.311807176396059271e-04
8.432806806806806890e+02 3.336865774414053774e-04
8.433207207207207148e+02 3.362216450829196902e-04
8.433607607607607406e+02 3.387863810611061095e-04
8.434008008008008801e+02 3.413812550335719280e-04
8.434408408408409059e+02 3.440067460387188111e-04
8.434808808808809317e+02 3.466633427224000315e-04
8.435209209209209575e+02 3.493515435707328820e-04
8.435609609609609834e+02 3.520718571495334501e-04
8.436010010010010092e+02 3.548248023508724855e-04
8.436410410410410350e+02 3.576109086464282949e-04
8.436810810810810608e+02 3.604307163481377803e-04
8.437211211211210866e+02 3.632847768766749833e-04
8.437611611611612261e+02 3.661736530374490599e-04
8.438012012012012519e+02 3.690979193046448666e-04
8.438412412412412777e+02 3.720581621138935248e-04
8.438812812812813036e+02 3.750549801632188630e-04
8.439213213213213294e+02 3.780889847230474096e-04
8.439613613613613552e+02 3.811607999554215824e-04
8.440014014014013810e+02 3.842710632425533324e-04
8.440414414414415205e+02 3.874204255255667422e-04
8.440814814814815463e+02 3.906095516531102232e-04
8.441215215215215721e+02 3.938391207404920349e-04
8.441615615615615980e+02 3.971098265400393556e-04
8.442016016016016238e+02 4.004223778224151684e-04
8.442416416416416496e+02 4.037774987695950360e-04
8.442816816816816754e+02 4.071759293802713268e-04
8.443217217217217012e+02 4.106184258873898257e-04
8.443617617617617270e+02 4.141057611888313201e-04
8.444018018018018665e+02 4.176387252915097006e-04
8.444418418418418923e+02 4.212181257691683593e-04
8.444818818818819182e+02 4.248447882349757308e-04
8.445219219219219440e+02 4.285195568286792839e-04
8.445619619619619698e+02 4.322432947192111278e-04
8.446020020020019956e+02 4.360168846236946172e-04
8.446420420420420214e+02 4.398412293426903525e-04
8.446820820820821609e+02 4.437172523126544331e-04
8.447221221221221867e+02 4.476458981766516933e-04
8.447621621621622126e+02 4.516281333732043331e-04
8.448022022022022384e+02 4.556649467443467578e-04
8.448422422422422642e+02 4.597573501640272054e-04
8.448822822822822900e+02 4.639063791867480135e-04
8.449223223223223158e+02 4.681130937179027777e-04
8.449623623623623416e+02 4.723785787064099101e-04
8.450024024024023674e+02 4.767039448602438984e-04
8.450424424424425069e+02 4.810903293864881268e-04
8.450824824824825328e+02 4.855388967559118633e-04
8.451225225225225586e+02 4.900508394934684599e-04
8.451625625625625844e+02 4.946273789961921560e-04
8.452026026026026102e+02 4.992697663786404465e-04
8.452426426426426360e+02 5.039792833474251608e-04
8.452826826826826618e+02 5.087572431064743854e-04
8.453227227227228013e+02 5.136049912932814801e-04
8.453627627627628272e+02 5.185239069478523319e-04
8.454028028028028530e+02 5.235154035161866150e-04
8.454428428428428788e+02 5.285809298886098634e-04
8.454828828828829046e+02 5.337219714752272160e-04
8.455229229229229304e+02 5.389400513197265853e-04
8.455629629629629562e+02 5.442367312528049702e-04
8.456030030030029820e+02 5.496136130877588488e-04
8.456430430430430079e+02 5.550723398588322532e-04
8.456830830830831474e+02 5.606145971046461868e-04
8.457231231231231732e+02 5.662421141991751854e-04
8.457631631631631990e+02 5.719566657311338318e-04
8.458032032032032248e+02 5.777600729343851729e-04
8.458432432432432506e+02 5.836542051721472493e-04
8.458832832832832764e+02 5.896409814760442082e-04
8.459233233233233022e+02 5.957223721433546788e-04
8.459633633633634417e+02 6.019004003946531360e-04
8.460034034034034676e+02 6.081771440941062231e-04
8.460434434434434934e+02 6.145547375362420519e-04
8.460834834834835192e+02 6.210353733007545991e-04
8.461235235235235450e+02 6.276213041789870930e-04
8.461635635635635708e+02 6.343148451759747508e-04
8.462036036036035966e+02 6.411183755900710718e-04
8.462436436436436225e+02 6.480343411743172280e-04
8.462836836836837620e+02 6.550652563839754958e-04
8.463237237237237878e+02 6.622137067127270051e-04
8.463637637637638136e+02 6.694823511222934564e-04
8.464038038038038394e+02 6.768739245705438596e-04
8.464438438438438652e+02 6.843912406410667662e-04
8.464838838838838910e+02 6.920371942801925753e-04
8.465239239239239168e+02 6.998147646460813618e-04
8.465639639639639427e+02 7.077270180747131760e-04
8.466040040040040822e+02 7.157771111696714650e-04
8.466440440440441080e+02 7.239682940199171010e-04
8.466840840840841338e+02 7.323039135524881185e-04
8.467241241241241596e+02 7.407874170275232121e-04
8.467641641641641854e+02 7.494223556808111064e-04
8.468042042042042112e+02 7.582123885219111195e-04
8.468442442442442371e+02 7.671612862964319107e-04
8.468842842842842629e+02 7.762729356186791546e-04
8.469243243243244024e+02 7.855513432847814614e-04
8.469643643643644282e+02 7.950006407740926656e-04
8.470044044044044540e+02 8.046250889500917601e-04
8.470444444444444798e+02 8.144290829687392784e-04
8.470844844844845056e+02 8.244171574066492701e-04
8.471245245245245314e+02 8.345939916190340743e-04
8.471645645645645573e+02 8.449644153411609016e-04
8.472046046046045831e+02 8.555334145438206125e-04
8.472446446446447226e+02 8.663061375571443415e-04
8.472846846846847484e+02 8.772879014780861134e-04
8.473247247247247742e+02 8.884841988744279252e-04
8.473647647647648000e+02 8.999007048022755967e-04
8.474048048048048258e+02 9.115432841551321603e-04
8.474448448448448517e+02 9.234179993600627467e-04
8.474848848848848775e+02 9.355311184418851770e-04
8.475249249249249033e+02 9.478891234749840800e-04
8.475649649649650428e+02 9.604987194435043963e-04
8.476050050050050686e+02 9.733668435348667713e-04
8.476450450450450944e+02 9.865006748882077826e-04
8.476850850850851202e+02 9.999076448247770903e-04
8.477251251251251460e+02 1.013595447589162946e-03
8.477651651651651719e+02 1.027572051627919638e-03
8.478052052052051977e+02 1.041845711438027858e-03
8.478452452452452235e+02 1.056424980019887759e-03
8.478852852852853630e+02 1.071318721967393127e-03
8.479253253253253888e+02 1.086536127234181666e-03
8.479653653653654146e+02 1.102086725617963886e-03
8.480054054054054404e+02 1.117980402002706703e-03
8.480454454454454662e+02 1.134227412407155539e-03
8.480854854854854921e+02 1.150838400887955375e-03
8.481255255255255179e+02 1.167824417348912623e-03
8.481655655655655437e+02 1.185196936315381254e-03
8.482056056056056832e+02 1.202967876730298051e-03
8.482456456456457090e+02 1.221149622837834625e-03
8.482856856856857348e+02 1.239755046225518359e-03
8.483257257257257606e+02 1.258797529095114810e-03
8.483657657657657865e+02 1.278290988843244118e-03
8.484058058058058123e+02 1.298249904038862885e-03
8.484458458458458381e+02 1.318689341884834304e-03
8.484858858858858639e+02 1.339624987264952929e-03
8.485259259259260034e+02 1.361073173480876987e-03
8.485659659659660292e+02 1.383050914791196821e-03
8.486060060060060550e+02 1.405575940878417114e-03
8.486460460460460808e+02 1.428666733370788020e-03
8.486860860860861067e+02 1.452342564562743256e-03
8.487261261261261325e+02 1.476623538489283587e-03
8.487661661661661583e+02 1.501530634514459039e-03
8.488062062062061841e+02 1.527085753614166805e-03
8.488462462462463236e+02 1.553311767548309777e-03
8.488862862862863494e+02 1.580232571125117459e-03
8.489263263263263752e+02 1.607873137784970397e-03
8.489663663663664011e+02 1.636259578750144964e-03
8.490064064064064269e+02 1.665419205998462009e-03
8.490464464464464527e+02 1.695380599351423113e-03
8.490864864864864785e+02 1.726173677985666857e-03
8.491265265265265043e+02 1.757829776702849204e-03
8.491665665665666438e+02 1.790381727329306118e-03
8.492066066066066696e+02 1.823863945636971075e-03
8.492466466466466954e+02 1.858312524221710947e-03
8.492866866866867213e+02 1.893765331814583133e-03
8.493267267267267471e+02 1.930262119533550022e-03
8.493667667667667729e+02 1.967844634639939836e-03
8.494068068068067987e+02 2.006556742416370619e-03
8.494468468468468245e+02 2.046444556827833102e-03
8.494868868868869640e+02 2.087556580705007044e-03
8.495269269269269898e+02 2.129943856246385454e-03
8.495669669669670157e+02 2.173660126725368048e-03
8.496070070070070415e+02 2.218762010356756676e-03
8.496470470470470673e+02 2.265309187388351436e-03
8.496870870870870931e+02 2.313364601574535457e-03
8.497271271271271189e+02 2.362994677319564790e-03
8.497671671671671447e+02 2.414269553889333841e-03
8.498072072072072842e+02 2.467263338248905803e-03
8.498472472472473100e+02 2.522054378245157987e-03
8.498872872872873359e+02 2.578725558017261332e-03
8.499273273273273617e+02 2.637364617733606569e-03
8.499673673673673875e+02 2.698064499979671831e-03
8.500074074074074133e+02 2.760923725354450745e-03
8.500474474474474391e+02 2.826046800137131925e-03
8.500874874874874649e+02 2.893544659190167793e-03
8.501275275275276044e+02 2.963535147620732692e-03
8.501675675675676302e+02 3.036143545139922181e-03
8.502076076076076561e+02 3.111503137486563639e-03
8.502476476476476819e+02 3.189755839815439694e-03
8.502876876876877077e+02 3.271052877531538308e-03
8.503277277277277335e+02 3.355555530685182947e-03
8.503677677677677593e+02 3.443435948810767699e-03
8.504078078078077851e+02 3.534878043942120754e-03
8.504478478478479246e+02 3.630078470476101344e-03
8.504878878878879505e+02 3.729247701682191721e-03
8.505279279279279763e+02 3.832611213916892537e-03
8.505679679679680021e+02 3.940410791010702345e-03
8.506080080080080279e+02 4.052905962983812359e-03
8.506480480480480537e+02 4.170375595123079759e-03
8.506880880880880795e+02 4.293119645635150999e-03
8.507281281281281053e+02 4.421461112637240475e-03
8.507681681681682448e+02 4.555748194113562119e-03
8.508082082082082707e+02 4.696356687873413233e-03
8.508482482482482965e+02 4.843692662465455025e-03
8.508882882882883223e+02 4.998195434512890493e-03
8.509283283283283481e+02 5.160340893281322415e-03
8.509683683683683739e+02 5.330645219498869776e-03
8.510084084084083997e+02 5.509669052662016266e-03
8.510484484484484256e+02 5.698022169651438366e-03
8.510884884884885651e+02 5.896368747490817429e-03
8.511285285285285909e+02 6.105433294931788581e-03
8.511685685685686167e+02 6.326007351623673565e-03
8.512086086086086425e+02 6.558957070200644585e-03
8.512486486486486683e+02 6.805231816496365438e-03
8.512886886886886941e+02 7.065873946762848100e-03
8.513287287287287199e+02 7.342029949023551501e-03
8.513687687687687458e+02 7.634963169784565566e-03
8.514088088088088853e+02 7.946068388344065814e-03
8.514488488488489111e+02 8.276888550432452696e-03
8.514888888888889369e+02 8.629134033153027308e-03
8.515289289289289627e+02 9.004704886460277238e-03
8.515689689689689885e+02 9.405716585831168028e-03
8.516090090090090143e+02 9.834529940750088781e-03
8.516490490490490401e+02 1.029378593884270471e-02
8.516890890890890660e+02 1.078644647278987311e-02
8.517291291291292055e+02 1.131584210503918525e-02
8.517691691691692313e+02 1.188572828430798332e-02
8.518092092092092571e+02 1.250035175267740460e-02
8.518492492492492829e+02 1.316452929072232415e-02
8.518892892892893087e+02 1.388374146462111221e-02
8.519293293293293345e+02 1.466424469582922226e-02
8.519693693693693604e+02 1.551320581214651710e-02
8.520094094094093862e+02 1.643886431436171469e-02
8.520494494494495257e+02 1.745072898015993801e-02
8.520894894894895515e+02 1.855981722494370531e-02
8.521295295295295773e+02 1.977894798229690165e-02
8.521695695695696031e+02 2.112310193377721010e-02
8.522096096096096289e+02 2.260986695323423043e-02
8.522496496496496547e+02 2.425999196184507392e-02
8.522896896896896806e+02 2.609807946124166264e-02
8.523297297297297064e+02 2.815345641622783376e-02
8.523697697697698459e+02 3.046127568692838516e-02
8.524098098098098717e+02 3.306391688848123178e-02
8.524498498498498975e+02 3.601277767208735381e-02
8.524898898898899233e+02 3.937057548044304439e-02
8.525299299299299491e+02 4.321431732386406960e-02
8.525699699699699750e+02 4.763914186218468766e-02
8.526100100100100008e+02 5.276329252646571460e-02
8.526500500500500266e+02 5.873453479256903614e-02
8.526900900900901661e+02 6.573836235881842793e-02
8.527301301301301919e+02 7.400828970839710974e-02
8.527701701701702177e+02 8.383827407179378355e-02
8.528102102102102435e+02 9.559657183238016998e-02
8.528502502502502693e+02 1.097385521788723645e-01
8.528902902902902952e+02 1.268121190237843365e-01
8.529303303303303210e+02 1.474417749101296082e-01
8.529703703703703468e+02 1.722643658232099473e-01
8.530104104104104863e+02 2.017730423522102468e-01
8.530504504504505121e+02 2.360207912243152961e-01
8.530904904904905379e+02 2.741794493568606161e-01
8.531305305305305637e+02 3.140823501125835637e-01
8.531705705705705896e+02 3.520381588591339206e-01
8.532106106106106154e+02 3.832200181596783772e-01
8.532506506506506412e+02 4.028154786190001335e-01
8.532906906906906670e+02 4.078657484363772401e-01
8.533307307307308065e+02 3.988034060453708451e-01
8.533707707707708323e+02 3.790413751398738484e-01
8.534108108108108581e+02 3.527621605360409252e-01
8.534508508508508839e+02 3.231661688821130252e-01
8.534908908908909098e+02 2.923413110241997459e-01
8.535309309309309356e+02 2.617502291232257638e-01
8.535709709709709614e+02 2.323851920002256710e-01
8.536110110110109872e+02 2.048224792443768261e-01
8.536510510510511267e+02 1.794631335144258044e-01
8.536910910910911525e+02 1.566926338610769576e-01
8.537311311311311783e+02 1.367967037570498035e-01
8.537711711711712042e+02 1.198371599963530126e-01
8.538112112112112300e+02 1.056528664567180087e-01
8.538512512512512558e+02 9.395012314355778715e-02
8.538912912912912816e+02 8.439678413146926850e-02
8.539313313313313074e+02 7.668199747831899726e-02
8.539713713713714469e+02 7.054239557326212606e-02
8.540114114114114727e+02 6.576618276519385908e-02
8.540514514514514985e+02 6.218359910647549421e-02
8.540914914914915244e+02 5.964667058132249594e-02
8.541315315315315502e+02 5.799768147600225382e-02
8.541715715715715760e+02 5.702919164252536616e-02
8.542116116116116018e+02 5.645411667906275605e-02
8.542516516516516276e+02 5.592333523160192277e-02
8.542916916916917671e+02 5.511368083592135120e-02
8.543317317317317929e+02 5.384632280624113143e-02
8.543717717717718187e+02 5.215666890586445614e-02
8.544118118118118446e+02 5.027319762157467231e-02
8.544518518518518704e+02 4.852000093574402456e-02
8.544918918918918962e+02 4.720384275539037805e-02
8.545319319319319220e+02 4.655169798604047449e-02
8.545719719719719478e+02 4.671102914245384846e-02
8.546120120120120873e+02 4.777924748246906855e-02
8.546520520520521131e+02 4.982818734552343226e-02
8.546920920920921390e+02 5.290457894102087305e-02
8.547321321321321648e+02 5.699707039084524890e-02
8.547721721721721906e+02 6.197257658865260727e-02
8.548122122122122164e+02 6.751372159791141359e-02
8.548522522522522422e+02 7.312382587845207838e-02
8.548922922922922680e+02 7.823713766823249538e-02
8.549323323323324075e+02 8.233068518038316741e-02
8.549723723723724333e+02 8.487943891236383875e-02
8.550124124124124592e+02 8.526641176497101737e-02
8.550524524524524850e+02 8.297524115367406472e-02
8.550924924924925108e+02 7.802628773449621358e-02
8.551325325325325366e+02 7.114406381841398286e-02
8.551725725725725624e+02 6.341040662192835853e-02
8.552126126126125882e+02 5.577277795223870710e-02
8.552526526526527277e+02 4.880729427429850859e-02
8.552926926926927536e+02 4.275038216742923364e-02
8.553327327327327794e+02 3.762518710674275096e-02
8.553727727727728052e+02 3.334948292631847999e-02
8.554128128128128310e+02 2.980274327715334501e-02
8.554528528528528568e+02 2.686351924682746015e-02
8.554928928928928826e+02 2.442788885943847355e-02
8.555329329329329084e+02 2.241479778718866167e-02
8.555729729729730479e+02 2.076345476420700734e-02
8.556130130130130738e+02 1.942858042028612967e-02
8.556530530530530996e+02 1.837704361340253625e-02
8.556930930930931254e+02 1.758619644728558196e-02
8.557331331331331512e+02 1.704291942697411244e-02
8.557731731731731770e+02 1.674238642559999768e-02
8.558132132132132028e+02 1.668547614602634496e-02
8.558532532532532286e+02 1.687314578652923322e-02
8.558932932932933682e+02 1.729514470509895332e-02
8.559333333333333940e+02 1.791038687642056149e-02
8.559733733733734198e+02 1.862053082595868311e-02
8.560134134134134456e+02 1.925163589801622346e-02
8.560534534534534714e+02 1.957671007716238823e-02
8.560934934934934972e+02 1.940287814750829218e-02
8.561335335335335230e+02 1.868041603614479726e-02
8.561735735735735489e+02 1.753405034563186235e-02
8.562136136136136884e+02 1.618260790813051339e-02
8.562536536536537142e+02 1.482812140772858667e-02
8.562936936936937400e+02 1.359693268297784696e-02
8.563337337337337658e+02 1.253779533929535832e-02
8.563737737737737916e+02 1.164351814338281110e-02
8.564138138138138174e+02 1.087450804172489238e-02
8.564538538538538432e+02 1.018137312117691450e-02
8.564938938938938691e+02 9.526494831741019742e-03
8.565339339339340086e+02 8.895952070525110431e-03
8.565739739739740344e+02 8.294713433892869983e-03
8.566140140140140602e+02 7.733274380923854142e-03
8.566540540540540860e+02 7.218970303934730583e-03
8.566940940940941118e+02 6.754641840591618478e-03
8.567341341341341376e+02 6.339904577440827298e-03
8.567741741741741635e+02 5.972089623517731240e-03
8.568142142142141893e+02 5.646935017429716153e-03
8.568542542542543288e+02 5.359386852920818012e-03
8.568942942942943546e+02 5.104335753263969204e-03
8.569343343343343804e+02 4.877088941200927001e-03
8.569743743743744062e+02 4.673573964581598933e-03
8.570144144144144320e+02 4.490367213453143498e-03
8.570544544544544578e+02 4.324636840465467813e-03
8.570944944944944837e+02 4.174056343124149526e-03
8.571345345345345095e+02 4.036716893452272324e-03
8.571745745745746490e+02 3.911049758009634003e-03
8.572146146146146748e+02 3.795761834710754869e-03
8.572546546546547006e+02 3.689783767269344279e-03
8.572946946946947264e+02 3.592228866414583135e-03
8.573347347347347522e+02 3.502360865602939955e-03
8.573747747747747781e+02 3.419568735402028336e-03
8.574148148148148039e+02 3.343347091536793322e-03
8.574548548548548297e+02 3.273281041348555503e-03
8.574948948948949692e+02 3.209034582394330610e-03
8.575349349349349950e+02 3.150341887825813380e-03
8.575749749749750208e+02 3.097000990953826301e-03
8.576150150150150466e+02 3.048869524650306331e-03
8.576550550550550724e+02 3.005862289053693511e-03
8.576950950950950983e+02 2.967950521654568515e-03
8.577351351351351241e+02 2.935162834547921928e-03
8.577751751751751499e+02 2.907587871242351806e-03
8.578152152152152894e+02 2.885378826412893921e-03
8.578552552552553152e+02 2.868760073277845744e-03
8.578952952952953410e+02 2.858036262733720193e-03
8.579353353353353668e+02 2.853604405460838985e-03
8.579753753753753927e+02 2.855969634961764026e-03
8.580154154154154185e+02 2.865765591441478844e-03
8.580554554554554443e+02 2.883780683840973715e-03
8.580954954954954701e+02 2.910991906422036746e-03
8.581355355355356096e+02 2.948608440060057536e-03
8.581755755755756354e+02 2.998127996084717917e-03
8.582156156156156612e+02 3.061409803054884055e-03
8.582556556556556870e+02 3.140769322694006785e-03
8.582956956956957129e+02 3.239101189924727727e-03
8.583357357357357387e+02 3.360038347957653663e-03
8.583757757757757645e+02 3.508156407866955609e-03
8.584158158158157903e+02 3.689231663819019565e-03
8.584558558558559298e+02 3.910556041981795572e-03
8.584958958958959556e+02 4.181296136920329386e-03
8.585359359359359814e+02 4.512842836075552956e-03
8.585759759759760072e+02 4.919005764524116489e-03
8.586160160160160331e+02 5.415713404983993340e-03
8.586560560560560589e+02 6.019510228280729007e-03
8.586960960960960847e+02 6.743538186357128823e-03
8.587361361361361105e+02 7.589024816610087480e-03
8.587761761761762500e+02 8.530602824182864294e-03
8.588162162162162758e+02 9.497816255829084550e-03
8.588562562562563016e+02 1.036597273774756377e-02
8.588962962962963275e+02 1.098077723541017632e-02
8.589363363363363533e+02 1.122686871211813452e-02
8.589763763763763791e+02 1.109853834124771045e-02
8.590164164164164049e+02 1.070639577609384246e-02
8.590564564564564307e+02 1.021575811961247110e-02
8.590964964964965702e+02 9.777221616594040585e-03
8.591365365365365960e+02 9.492884549827060661e-03
8.591765765765766218e+02 9.414436928090503739e-03
8.592166166166166477e+02 9.550900843112218250e-03
8.592566566566566735e+02 9.869947756496874267e-03
8.592966966966966993e+02 1.028974998263501237e-02
8.593367367367367251e+02 1.067371255467935119e-02
8.593767767767767509e+02 1.085411707338977509e-02
8.594168168168168904e+02 1.069965915109471165e-02
8.594568568568569162e+02 1.018915978351074732e-02
8.594968968968969421e+02 9.420379505897259406e-03
8.595369369369369679e+02 8.543867923755764718e-03
8.595769769769769937e+02 7.688260773402406933e-03
8.596170170170170195e+02 6.927952033201145200e-03
8.596570570570570453e+02 6.288135182372227815e-03
8.596970970970970711e+02 5.762657623815331011e-03
8.597371371371372106e+02 5.329704065848675683e-03
8.597771771771772364e+02 4.961197758030980523e-03
8.598172172172172623e+02 4.628119360916109482e-03
8.598572572572572881e+02 4.306564612559699717e-03
8.598972972972973139e+02 3.984925678568860229e-03
8.599373373373373397e+02 3.665978554454010774e-03
8.599773773773773655e+02 3.360836133246741190e-03
8.600174174174173913e+02 3.080422992665721952e-03
8.600574574574575308e+02 2.830792796933537334e-03
8.600974974974975567e+02 2.612956502032172390e-03
8.601375375375375825e+02 2.424702413272658650e-03
8.601775775775776083e+02 2.262408320775685135e-03
8.602176176176176341e+02 2.122193019184905483e-03
8.602576576576576599e+02 2.000475741268799203e-03
8.602976976976976857e+02 1.894174623211921510e-03
8.603377377377377115e+02 1.800726438873424253e-03
8.603777777777778510e+02 1.718033307825444708e-03
8.604178178178178769e+02 1.644388528623268739e-03
8.604578578578579027e+02 1.578404045143381486e-03
8.604978978978979285e+02 1.518947571282441367e-03
8.605379379379379543e+02 1.465090983087259874e-03
8.605779779779779801e+02 1.416069070943789523e-03
8.606180180180180059e+02 1.371246980479862891e-03
8.606580580580580317e+02 1.330094630811336958e-03
8.606980980980981712e+02 1.292166616430270084e-03
8.607381381381381971e+02 1.257086375484745434e-03
8.607781781781782229e+02 1.224533665498390425e-03
8.608182182182182487e+02 1.194234603860650249e-03
8.608582582582582745e+02 1.165953702449813549e-03
8.608982982982983003e+02 1.139487459087180606e-03
8.609383383383383261e+02 1.114659170472280655e-03
8.609783783783783520e+02 1.091314708730925856e-03
8.610184184184184915e+02 1.069319062510790596e-03
8.610584584584585173e+02 1.048553488204281500e-03
8.610984984984985431e+02 1.028913150888942406e-03
8.611385385385385689e+02 1.010305160584992539e-03
8.611785785785785947e+02 9.926469293955802672e-04
8.612186186186186205e+02 9.758647905147792940e-04
8.612586586586586463e+02 9.598928320593568030e-04
8.612986986986986722e+02 9.446719080088763218e-04
8.613387387387388117e+02 9.301487958663325799e-04
8.613787787787788375e+02 9.162754764266680058e-04
8.614188188188188633e+02 9.030085156162666543e-04
8.614588588588588891e+02 8.903085320211209797e-04
8.614988988988989149e+02 8.781397366391524573e-04
8.615389389389389407e+02 8.664695337448274437e-04
8.615789789789789666e+02 8.552681736600343350e-04
8.616190190190189924e+02 8.445084497662761966e-04
8.616590590590591319e+02 8.341654333543862231e-04
8.616990990990991577e+02 8.242162409442992457e-04
8.617391391391391835e+02 8.146398295538569536e-04
8.617791791791792093e+02 8.054168160980624885e-04
8.618192192192192351e+02 7.965293176854301846e-04
8.618592592592592609e+02 7.879608100587557349e-04
8.618992992992992868e+02 7.796960018346040531e-04
8.619393393393393126e+02 7.717207225348042760e-04
8.619793793793794521e+02 7.640218226865532489e-04
8.620194194194194779e+02 7.565870845114472908e-04
8.620594594594595037e+02 7.494051419245726514e-04
8.620994994994995295e+02 7.424654087377037179e-04
8.621395395395395553e+02 7.357580141098288501e-04
8.621795795795795812e+02 7.292737444113263183e-04
8.622196196196196070e+02 7.230039907756058209e-04
8.622596596596596328e+02 7.169407017061790602e-04
8.622996996996997723e+02 7.110763401836365160e-04
8.623397397397397981e+02 7.054038447873496208e-04
8.623797797797798239e+02 6.999165944037679310e-04
8.624198198198198497e+02 6.946083761466761855e-04
8.624598598598598755e+02 6.894733561567230546e-04
8.624998998998999014e+02 6.845060529879193724e-04
8.625399399399399272e+02 6.797013133207387148e-04
8.625799799799799530e+02 6.750542897728684794e-04
8.626200200200200925e+02 6.705604206026817560e-04
8.626600600600601183e+02 6.662154111231662762e-04
8.627001001001001441e+02 6.620152166652212020e-04
8.627401401401401699e+02 6.579560269451874147e-04
8.627801801801801957e+02 6.540342517069621915e-04
8.628202202202202216e+02 6.502465075238914516e-04
8.628602602602602474e+02 6.465896056560150717e-04
8.629003003003002732e+02 6.430605408698329565e-04
8.629403403403404127e+02 6.396564811371373499e-04
8.629803803803804385e+02 6.363747581370398981e-04
8.630204204204204643e+02 6.332128584941664569e-04
8.630604604604604901e+02 6.301684156914702474e-04
8.631005005005005160e+02 6.272392026021644590e-04
8.631405405405405418e+02 6.244231245915256084e-04
8.631805805805805676e+02 6.217182131430704127e-04
8.632206206206205934e+02 6.191226199679780500e-04
8.632606606606607329e+02 6.166346115612832959e-04
8.633007007007007587e+02 6.142525641709375333e-04
8.633407407407407845e+02 6.119749591490059254e-04
8.633807807807808103e+02 6.098003786578440897e-04
8.634208208208208362e+02 6.077275017056621128e-04
8.634608608608608620e+02 6.057551004887347683e-04
8.635009009009008878e+02 6.038820370195685386e-04
8.635409409409409136e+02 6.021072600217424733e-04
8.635809809809810531e+02 6.004298020746488655e-04
8.636210210210210789e+02 5.988487769922243818e-04
8.636610610610611047e+02 5.973633774212808124e-04
8.637011011011011306e+02 5.959728726468160875e-04
8.637411411411411564e+02 5.946766065923390042e-04
8.637811811811811822e+02 5.934739960043932880e-04
8.638212212212212080e+02 5.923645288118867041e-04
8.638612612612612338e+02 5.913477626512068236e-04
8.639013013013013733e+02 5.904233235492741460e-04
8.639413413413413991e+02 5.895909047574302963e-04
8.639813813813814249e+02 5.888502657295729232e-04
8.640214214214214508e+02 5.882012312389912814e-04
8.640614614614614766e+02 5.876436906286537643e-04
8.641015015015015024e+02 5.871775971903657682e-04
8.641415415415415282e+02 5.868029676689405115e-04
8.641815815815815540e+02 5.865198818878186032e-04
8.642216216216216935e+02 5.863284824931448312e-04
8.642616616616617193e+02 5.862289748138557743e-04
8.643017017017017452e+02 5.862216268356435552e-04
8.643417417417417710e+02 5.863067692871640072e-04
8.643817817817817968e+02 5.864847958372558685e-04
8.644218218218218226e+02 5.867561634023131826e-04
8.644618618618618484e+02 5.871213925633549970e-04
8.645019019019018742e+02 5.875810680926741832e-04
8.645419419419420137e+02 5.881358395904128650e-04
8.645819819819820395e+02 5.887864222316239017e-04
8.646220220220220654e+02 5.895335976248402892e-04
8.646620620620620912e+02 5.903782147836015128e-04
8.647021021021021170e+02 5.913211912125273780e-04
8.647421421421421428e+02 5.923635141100690171e-04
8.647821821821821686e+02 5.935062416905141115e-04
8.648222222222221944e+02 5.947505046278744358e-04
8.648622622622623339e+02 5.960975076250415788e-04
8.649023023023023597e+02 5.975485311116748681e-04
8.649423423423423856e+02 5.991049330750833866e-04
8.649823823823824114e+02 6.007681510282373389e-04
8.650224224224224372e+02 6.025397041200473416e-04
8.650624624624624630e+02 6.044211953930412164e-04
8.651025025025024888e+02 6.064143141945806158e-04
8.651425425425425146e+02 6.085208387475706188e-04
8.651825825825826541e+02 6.107426388876767594e-04
8.652226226226226800e+02 6.130816789747120868e-04
8.652626626626627058e+02 6.155400209857760834e-04
8.653027027027027316e+02 6.181198277989724717e-04
8.653427427427427574e+02 6.208233666772952457e-04
8.653827827827827832e+02 6.236530129621601541e-04
8.654228228228228090e+02 6.266112539877693012e-04
8.654628628628628348e+02 6.297006932277576059e-04
8.655029029029029743e+02 6.329240546863662076e-04
8.655429429429430002e+02 6.362841875480356769e-04
8.655829829829830260e+02 6.397840710990941810e-04
8.656230230230230518e+02 6.434268199372283588e-04
8.656630630630630776e+02 6.472156894856559905e-04
8.657031031031031034e+02 6.511540818290488877e-04
8.657431431431431292e+02 6.552455518905857951e-04
8.657831831831831551e+02 6.594938139710548744e-04
8.658232232232232946e+02 6.639027486712048521e-04
8.658632632632633204e+02 6.684764102213458124e-04
8.659033033033033462e+02 6.732190342441090334e-04
8.659433433433433720e+02 6.781350459767338792e-04
8.659833833833833978e+02 6.832290689830310257e-04
8.660234234234234236e+02 6.885059343864295125e-04
8.660634634634634494e+02 6.939706906578584035e-04
8.661035035035034753e+02 6.996286139960691472e-04
8.661435435435436148e+02 7.054852193388233073e-04
8.661835835835836406e+02 7.115462720480879083e-04
8.662236236236236664e+02 7.178178003159092898e-04
8.662636636636636922e+02 7.243061083394480631e-04
8.663037037037037180e+02 7.310177903193934091e-04
8.663437437437437438e+02 7.379597453404771086e-04
8.663837837837837696e+02 7.451391931954237657e-04
8.664238238238237955e+02 7.525636912213309708e-04
8.664638638638639350e+02 7.602411522216768200e-04
8.665039039039039608e+02 7.681798635531868766e-04
8.665439439439439866e+02 7.763885074653114520e-04
8.665839839839840124e+02 7.848761827844719097e-04
8.666240240240240382e+02 7.936524280456731762e-04
8.666640640640640640e+02 8.027272461831633059e-04
8.667041041041040899e+02 8.121111308988651157e-04
8.667441441441441157e+02 8.218150948405194894e-04
8.667841841841842552e+02 8.318506997334577805e-04
8.668242242242242810e+02 8.422300886199049442e-04
8.668642642642643068e+02 8.529660203767347286e-04
8.669043043043043326e+02 8.640719066985792828e-04
8.669443443443443584e+02 8.755618517471293848e-04
8.669843843843843842e+02 8.874506946906229746e-04
8.670244244244244101e+02 8.997540553763935800e-04
8.670644644644644359e+02 9.124883834026299928e-04
8.671045045045045754e+02 9.256710108843480911e-04
8.671445445445446012e+02 9.393202092326828276e-04
8.671845845845846270e+02 9.534552503024518047e-04
8.672246246246246528e+02 9.680964722989633892e-04
8.672646646646646786e+02 9.832653508704510600e-04
8.673047047047047045e+02 9.989845758608428047e-04
8.673447447447447303e+02 1.015278134247383059e-03
8.673847847847847561e+02 1.032171399837909223e-03
8.674248248248248956e+02 1.049691230370411498e-03
8.674648648648649214e+02 1.067866072721787791e-03
8.675049049049049472e+02 1.086726077015778618e-03
8.675449449449449730e+02 1.106303220500232760e-03
8.675849849849849988e+02 1.126631442169248381e-03
8.676250250250250247e+02 1.147746789210627241e-03
8.676650650650650505e+02 1.169687576490205383e-03
8.677051051051050763e+02 1.192494560417730774e-03
8.677451451451452158e+02 1.216211128704892041e-03
8.677851851851852416e+02 1.240883507707827736e-03
8.678252252252252674e+02 1.266560989244850007e-03
8.678652652652652932e+02 1.293296179020639444e-03
8.679053053053053191e+02 1.321145269055311365e-03
8.679453453453453449e+02 1.350168336812281088e-03
8.679853853853853707e+02 1.380429674076246935e-03
8.680254254254253965e+02 1.411998149024941288e-03
8.680654654654655360e+02 1.444947605394417784e-03
8.681055055055055618e+02 1.479357303170023528e-03
8.681455455455455876e+02 1.515312405827849186e-03
8.681855855855856134e+02 1.552904519859226546e-03
8.682256256256256393e+02 1.592232293119554519e-03
8.682656656656656651e+02 1.633402079467484403e-03
8.683057057057056909e+02 1.676528678258519490e-03
8.683457457457457167e+02 1.721736158524796341e-03
8.683857857857858562e+02 1.769158779137558132e-03
8.684258258258258820e+02 1.818942017989826033e-03
8.684658658658659078e+02 1.871243725266053459e-03
8.685059059059059337e+02 1.926235418233871897e-03
8.685459459459459595e+02 1.984103737821648478e-03
8.685859859859859853e+02 2.045052090556971972e-03
8.686260260260260111e+02 2.109302503377372736e-03
8.686660660660660369e+02 2.177097723519089492e-03
8.687061061061061764e+02 2.248703601246303946e-03
8.687461461461462022e+02 2.324411799874278976e-03
8.687861861861862280e+02 2.404542885547451738e-03
8.688262262262262539e+02 2.489449858844062623e-03
8.688662662662662797e+02 2.579522201932068614e-03
8.689063063063063055e+02 2.675190529099205888e-03
8.689463463463463313e+02 2.776931945590450836e-03
8.689863863863863571e+02 2.885276240635561377e-03
8.690264264264264966e+02 3.000813066155175266e-03
8.690664664664665224e+02 3.124200284145363642e-03
8.691065065065065482e+02 3.256173704681810527e-03
8.691465465465465741e+02 3.397558484692095662e-03
8.691865865865865999e+02 3.549282517764550376e-03
8.692266266266266257e+02 3.712392220421998918e-03
8.692666666666666515e+02 3.888071214667199269e-03
8.693067067067066773e+02 4.077662525836964376e-03
8.693467467467468168e+02 4.282695065981521020e-03
8.693867867867868426e+02 4.504915365597199177e-03
8.694268268268268685e+02 4.746325763370802357e-03
8.694668668668668943e+02 5.009230581294579245e-03
8.695069069069069201e+02 5.296292223489489255e-03
8.695469469469469459e+02 5.610599671730956417e-03
8.695869869869869717e+02 5.955752549331345957e-03
8.696270270270269975e+02 6.335964842740605084e-03
8.696670670670671370e+02 6.756193581283292948e-03
8.697071071071071628e+02 7.222299380001964524e-03
8.697471471471471887e+02 7.741247884626603452e-03
8.697871871871872145e+02 8.321364002705805563e-03
8.698272272272272403e+02 8.972654601459222751e-03
8.698672672672672661e+02 9.707220412762064890e-03
8.699073073073072919e+02 1.053978459446833216e-02
8.699473473473473177e+02 1.148837419425287332e-02
8.699873873873874572e+02 1.257520205498041665e-02
8.700274274274274831e+02 1.382781062300417023e-02
8.700674674674675089e+02 1.528055494854823997e-02
8.701075075075075347e+02 1.697651696047829117e-02
8.701475475475475605e+02 1.896994870722490747e-02
8.701875875875875863e+02 2.132931887055945427e-02
8.702276276276276121e+02 2.414093959636065198e-02
8.702676676676676379e+02 2.751288287781329667e-02
8.703077077077077774e+02 3.157825960790652808e-02
8.703477477477478033e+02 3.649555325515035920e-02
8.703877877877878291e+02 4.244094639149558618e-02
8.704278278278278549e+02 4.958273036658167321e-02
8.704678678678678807e+02 5.802130917317333686e-02
8.705079079079079065e+02 6.767530539527095990e-02
8.705479479479479323e+02 7.811189660442593996e-02
8.705879879879879581e+02 8.838447433888667326e-02
8.706280280280280977e+02 9.704342616832939417e-02
8.706680680680681235e+02 1.024975886677430559e-01
8.707081081081081493e+02 1.036581361462158152e-01
8.707481481481481751e+02 1.004445751489352751e-01
8.707881881881882009e+02 9.375817815312803560e-02
8.708282282282282267e+02 8.500988378540445811e-02
8.708682682682682525e+02 7.560183075514935458e-02
8.709083083083082784e+02 6.660439725115653575e-02
8.709483483483484179e+02 5.865416982852521971e-02
8.709883883883884437e+02 5.201505324889488246e-02
8.710284284284284695e+02 4.671029618358942676e-02
8.710684684684684953e+02 4.264623723077939216e-02
8.711085085085085211e+02 3.969525389468631787e-02
8.711485485485485469e+02 3.774051016785583829e-02
8.711885885885885727e+02 3.669620419735582229e-02
8.712286286286285986e+02 3.651520541570563855e-02
8.712686686686687381e+02 3.719125216550903806e-02
8.713087087087087639e+02 3.875891174856600091e-02
8.713487487487487897e+02 4.129146138781106257e-02
8.713887887887888155e+02 4.489377893660765478e-02
8.714288288288288413e+02 4.968305187757630220e-02
8.714688688688688671e+02 5.574391153706944463e-02
8.715089089089088930e+02 6.303863738339986200e-02
8.715489489489489188e+02 7.125861447807428639e-02
8.715889889889890583e+02 7.964712432339170201e-02
8.716290290290290841e+02 8.692737871681151252e-02
8.716690690690691099e+02 9.155734835957063389e-02
8.717091091091091357e+02 9.237572117688459816e-02
8.717491491491491615e+02 8.925524741822081498e-02
8.717891891891891873e+02 8.318496122076157739e-02
8.718292292292292132e+02 7.569750036977689056e-02
8.718692692692692390e+02 6.815468598234770969e-02
8.719093093093093785e+02 6.136411061469696643e-02
8.719493493493494043e+02 5.556621329934696707e-02
8.719893893893894301e+02 5.060832729189332357e-02
8.720294294294294559e+02 4.616845748800686017e-02
8.720694694694694817e+02 4.195795165800145915e-02
8.721095095095095076e+02 3.784015980049924149e-02
8.721495495495495334e+02 3.383444685623621800e-02
8.721895895895895592e+02 3.004434051304860631e-02
8.722296296296296987e+02 2.657891949398539719e-02
8.722696696696697245e+02 2.350790754027899318e-02
8.723097097097097503e+02 2.085200519690538420e-02
8.723497497497497761e+02 1.859363316708988537e-02
8.723897897897898019e+02 1.669375862785460116e-02
8.724298298298298278e+02 1.510598604798426246e-02
8.724698698698698536e+02 1.378482570442233351e-02
8.725099099099098794e+02 1.268856311444994077e-02
8.725499499499500189e+02 1.177818500191046142e-02
8.725899899899900447e+02 1.101398736025480107e-02
8.726300300300300705e+02 1.035249405229607574e-02
8.726700700700700963e+02 9.748141811438073082e-03
8.727101101101101222e+02 9.163006392140874909e-03
8.727501501501501480e+02 8.579446735770183616e-03
8.727901901901901738e+02 8.003179653098100796e-03
8.728302302302301996e+02 7.452764032668666994e-03
8.728702702702703391e+02 6.945972839281860933e-03
8.729103103103103649e+02 6.493041145038204280e-03
8.729503503503503907e+02 6.096882032987047638e-03
8.729903903903904165e+02 5.755877192808398109e-03
8.730304304304304424e+02 5.466236411600673001e-03
8.730704704704704682e+02 5.223006152993443958e-03
8.731105105105104940e+02 5.019750912623456747e-03
8.731505505505505198e+02 4.847291050577872719e-03
8.731905905905906593e+02 4.692484566764818475e-03
8.732306306306306851e+02 4.538967438177971860e-03
8.732706706706707109e+02 4.371504503770332756e-03
8.733107107107107367e+02 4.182354038298440047e-03
8.733507507507507626e+02 3.974501134684295910e-03
8.733907907907907884e+02 3.758622443515707758e-03
8.734308308308308142e+02 3.546698475229477770e-03
8.734708708708708400e+02 3.347349891495855333e-03
8.735109109109109795e+02 3.164742733705175944e-03
8.735509509509510053e+02 2.999685543826140569e-03
8.735909909909910311e+02 2.851140175355120019e-03
8.736310310310310570e+02 2.717326950776972286e-03
8.736710710710710828e+02 2.596337169672298124e-03
8.737111111111111086e+02 2.486408040237670248e-03
8.737511511511511344e+02 2.386014494190986848e-03
8.737911911911911602e+02 2.293876136373612738e-03
8.738312312312312997e+02 2.208931149845219048e-03
8.738712712712713255e+02 2.130301396170992522e-03
8.739113113113113513e+02 2.057258786736587079e-03
8.739513513513513772e+02 1.989196366378926262e-03
8.739913913913914030e+02 1.925604695928357724e-03
8.740314314314314288e+02 1.866053034120878111e-03
8.740714714714714546e+02 1.810174510236953064e-03
8.741115115115114804e+02 1.757654483602343705e-03
8.741515515515516199e+02 1.708221398534423346e-03
8.741915915915916457e+02 1.661639576827552865e-03
8.742316316316316716e+02 1.617703511784805356e-03
8.742716716716716974e+02 1.576233328689800872e-03
8.743117117117117232e+02 1.537071156222991021e-03
8.743517517517517490e+02 1.500078214718509641e-03
8.743917917917917748e+02 1.465132473971001619e-03
8.744318318318318006e+02 1.432126768841392389e-03
8.744718718718719401e+02 1.400967287971089823e-03
8.745119119119119659e+02 1.371572371651307758e-03
8.745519519519519918e+02 1.343871570936842896e-03
8.745919919919920176e+02 1.317804932735240500e-03
8.746320320320320434e+02 1.293322485796470070e-03
8.746720720720720692e+02 1.270383910985909900e-03
8.747121121121120950e+02 1.248958386566185845e-03
8.747521521521521208e+02 1.229024605893685703e-03
8.747921921921922603e+02 1.210570971372499369e-03
8.748322322322322862e+02 1.193595975105991814e-03
8.748722722722723120e+02 1.178108783806354649e-03
8.749123123123123378e+02 1.164130053615070265e-03
8.749523523523523636e+02 1.151693010043069749e-03
8.749923923923923894e+02 1.140844839850704839e-03
8.750324324324324152e+02 1.131648456140269291e-03
8.750724724724725547e+02 1.124184716220335504e-03
8.751125125125125805e+02 1.118555195226691610e-03
8.751525525525526064e+02 1.114885648814460195e-03
8.751925925925926322e+02 1.113330337814125029e-03
8.752326326326326580e+02 1.114077439726019044e-03
8.752726726726726838e+02 1.117355840576495993e-03
8.753127127127127096e+02 1.123443691670866209e-03
8.753527527527527354e+02 1.132679236740318689e-03
8.753927927927927612e+02 1.145474575794094103e-03
8.754328328328329007e+02 1.162333245190056612e-03
8.754728728728729266e+02 1.183872773935433628e-03
8.755129129129129524e+02 1.210853739515988176e-03
8.755529529529529782e+02 1.244217303214796523e-03
8.755929929929930040e+02 1.285133746431285206e-03
8.756330330330330298e+02 1.335065095101096132e-03
8.756730730730730556e+02 1.395845320938203906e-03
8.757131131131131951e+02 1.469781367659904340e-03
8.757531531531532210e+02 1.559776255827297411e-03
8.757931931931932468e+02 1.669469331202982606e-03
8.758332332332332726e+02 1.803373255259355795e-03
8.758732732732732984e+02 1.966952686133076680e-03
8.759133133133133242e+02 2.166518546574167092e-03
8.759533533533533500e+02 2.408681619081412192e-03
8.759933933933933758e+02 2.698916540023997297e-03
8.760334334334334017e+02 3.038644570956936311e-03
8.760734734734735412e+02 3.420596885503890839e-03
8.761135135135135670e+02 3.823959037123944582e-03
8.761535535535535928e+02 4.214123039660855503e-03
8.761935935935936186e+02 4.552974295672306514e-03
8.762336336336336444e+02 4.817268518415697941e-03
8.762736736736736702e+02 5.008819973617889727e-03
8.763137137137136961e+02 5.142209539528468792e-03
8.763537537537538356e+02 5.218329901790040061e-03
8.763937937937938614e+02 5.209354017661118469e-03
8.764338338338338872e+02 5.073799135432238705e-03
8.764738738738739130e+02 4.792716977905959151e-03
8.765139139139139388e+02 4.392425927711760859e-03
8.765539539539539646e+02 3.931412581198031990e-03
8.765939939939939904e+02 3.469015560043801905e-03
8.766340340340340163e+02 3.045049822291444330e-03
8.766740740740740421e+02 2.677583457748396786e-03
8.767141141141141816e+02 2.369735099447987155e-03
8.767541541541542074e+02 2.116952515314289140e-03
8.767941941941942332e+02 1.911729903861561367e-03
8.768342342342342590e+02 1.745859967011228683e-03
8.768742742742742848e+02 1.611138271816977587e-03
8.769143143143143106e+02 1.499460804748736602e-03
8.769543543543543365e+02 1.403151119071913838e-03
8.769943943943944760e+02 1.315898725718502894e-03
8.770344344344345018e+02 1.233746999885707626e-03
8.770744744744745276e+02 1.155199593909625021e-03
8.771145145145145534e+02 1.080445303064239476e-03
8.771545545545545792e+02 1.010433208056805759e-03
8.771945945945946050e+02 9.461659857367766061e-04
8.772346346346346309e+02 8.882412139142124158e-04
8.772746746746746567e+02 8.366982574039644400e-04
8.773147147147146825e+02 7.911301621990274530e-04
8.773547547547548220e+02 7.508927382075429114e-04
8.773947947947948478e+02 7.152781821617585148e-04
8.774348348348348736e+02 6.836157177875235849e-04
8.774748748748748994e+02 6.553143352164503494e-04
8.775149149149149252e+02 6.298722214511590220e-04
8.775549549549549511e+02 6.068707824306286648e-04
8.775949949949949769e+02 5.859632346246623638e-04
8.776350350350351164e+02 5.668624866795212358e-04
8.776750750750751422e+02 5.493302028748306507e-04
8.777151151151151680e+02 5.331675968344542268e-04
8.777551551551551938e+02 5.182079347556820589e-04
8.777951951951952196e+02 5.043105250239122593e-04
8.778352352352352455e+02 4.913559287392596118e-04
8.778752752752752713e+02 4.792421457925700773e-04
8.779153153153152971e+02 4.678815703613977209e-04
8.779553553553553229e+02 4.571985502432403714e-04
8.779953953953954624e+02 4.471274199279193316e-04
8.780354354354354882e+02 4.376109062600888437e-04
8.780754754754755140e+02 4.285988283537677727e-04
8.781155155155155398e+02 4.200470310745202883e-04
8.781555555555555657e+02 4.119165049629580221e-04
8.781955955955955915e+02 4.041726558568776019e-04
8.782356356356356173e+02 3.967846954189171277e-04
8.782756756756757568e+02 3.897251298877768035e-04
8.783157157157157826e+02 3.829693290820312501e-04
8.783557557557558084e+02 3.764951613344730903e-04
8.783957957957958342e+02 3.702826828810441818e-04
8.784358358358358601e+02 3.643138724530306711e-04
8.784758758758758859e+02 3.585724035753354039e-04
8.785159159159159117e+02 3.530434484645526990e-04
8.785559559559559375e+02 3.477135085248454251e-04
8.785959959959959633e+02 3.425702673255496037e-04
8.786360360360361028e+02 3.376024626589954765e-04
8.786760760760761286e+02 3.327997748520450990e-04
8.787161161161161544e+02 3.281527289738853364e-04
8.787561561561561803e+02 3.236526089671208271e-04
8.787961961961962061e+02 3.192913820415543467e-04
8.788362362362362319e+02 3.150616319301563126e-04
8.788762762762762577e+02 3.109564998209758766e-04
8.789163163163163972e+02 3.069696319558671747e-04
8.789563563563564230e+02 3.030951330370590413e-04
8.789963963963964488e+02 2.993275247055468633e-04
8.790364364364364747e+02 2.956617084598416414e-04
8.790764764764765005e+02 2.920929324728052776e-04
8.791165165165165263e+02 2.886167618375636858e-04
8.791565565565565521e+02 2.852290518367352787e-04
8.791965965965965779e+02 2.819259238840728511e-04
8.792366366366366037e+02 2.787037438321093960e-04
8.792766766766767432e+02 2.755591023794738042e-04
8.793167167167167690e+02 2.724887973451816173e-04
8.793567567567567949e+02 2.694898176054752741e-04
8.793967967967968207e+02 2.665593285149912318e-04
8.794368368368368465e+02 2.636946586546048965e-04
8.794768768768768723e+02 2.608932877670845185e-04
8.795169169169168981e+02 2.581528357588102392e-04
8.795569569569570376e+02 2.554710526590506302e-04
8.795969969969970634e+02 2.528458094406698417e-04
8.796370370370370892e+02 2.502750896177486587e-04
8.796770770770771151e+02 2.477569815441784729e-04
8.797171171171171409e+02 2.452896713456204146e-04
8.797571571571571667e+02 2.428714364252957498e-04
8.797971971971971925e+02 2.405006394894885352e-04
8.798372372372372183e+02 2.381757230448861733e-04
8.798772772772772441e+02 2.358952043248456075e-04
8.799173173173173836e+02 2.336576706055786521e-04
8.799573573573574095e+02 2.314617748780545964e-04
8.799973973973974353e+02 2.293062318441463961e-04
8.800374374374374611e+02 2.271898142086743418e-04
8.800774774774774869e+02 2.251113492424084914e-04
8.801175175175175127e+02 2.230697155928698737e-04
8.801575575575575385e+02 2.210638403219851401e-04
8.801975975975976780e+02 2.190926961522419948e-04
8.802376376376377038e+02 2.171552989040935239e-04
8.802776776776777297e+02 2.152507051089684197e-04
8.803177177177177555e+02 2.133780097842638828e-04
8.803577577577577813e+02 2.115363443572110291e-04
8.803977977977978071e+02 2.097248747260928011e-04
8.804378378378378329e+02 2.079427994483079502e-04
8.804778778778778587e+02 2.061893480452951267e-04
8.805179179179178846e+02 2.044637794158663446e-04
8.805579579579580241e+02 2.027653803496719113e-04
8.805979979979980499e+02 2.010934641332299579e-04
8.806380380380380757e+02 1.994473692420897608e-04
8.806780780780781015e+02 1.978264581127306789e-04
8.807181181181181273e+02 1.962301159883278392e-04
8.807581581581581531e+02 1.946577498334958213e-04
8.807981981981981789e+02 1.931087873129079785e-04
8.808382382382383184e+02 1.915826758294524696e-04
8.808782782782783443e+02 1.900788816179198543e-04
8.809183183183183701e+02 1.885968888901990174e-04
8.809583583583583959e+02 1.871361990288346105e-04
8.809983983983984217e+02 1.856963298255754128e-04
8.810384384384384475e+02 1.842768147618044740e-04
8.810784784784784733e+02 1.828772023284081687e-04
8.811185185185184991e+02 1.814970553823891050e-04
8.811585585585585250e+02 1.801359505377375192e-04
8.811985985985986645e+02 1.787934775886651018e-04
8.812386386386386903e+02 1.774692389630344233e-04
8.812786786786787161e+02 1.761628492039746892e-04
8.813187187187187419e+02 1.748739344782303425e-04
8.813587587587587677e+02 1.736021321093930822e-04
8.813987987987987935e+02 1.723470901345900265e-04
8.814388388388388194e+02 1.711084668832931778e-04
8.814788788788789589e+02 1.698859305767325514e-04
8.815189189189189847e+02 1.686791589469666206e-04
8.815589589589590105e+02 1.674878388743424311e-04
8.815989989989990363e+02 1.663116660421665562e-04
8.816390390390390621e+02 1.651503446078449752e-04
8.816790790790790879e+02 1.640035868894400631e-04
8.817191191191191137e+02 1.628711130666654118e-04
8.817591591591591396e+02 1.617526508957615571e-04
8.817991991991991654e+02 1.606479354372962085e-04
8.818392392392393049e+02 1.595567087962485974e-04
8.818792792792793307e+02 1.584787198737749663e-04
8.819193193193193565e+02 1.574137241298460030e-04
8.819593593593593823e+02 1.563614833564099806e-04
8.819993993993994081e+02 1.553217654604169880e-04
8.820394394394394340e+02 1.542943442560864979e-04
8.820794794794794598e+02 1.532789992661488495e-04
8.821195195195195993e+02 1.522755155314955327e-04
8.821595595595596251e+02 1.512836834287101847e-04
8.821995995995996509e+02 1.503032984952849815e-04
8.822396396396396767e+02 1.493341612620367005e-04
8.822796796796797025e+02 1.483760770922685807e-04
8.823197197197197283e+02 1.474288560275520508e-04
8.823597597597597542e+02 1.464923126396442277e-04
8.823997997997997800e+02 1.455662658882983258e-04
8.824398398398398058e+02 1.446505389847359312e-04
8.824798798798799453e+02 1.437449592603573566e-04
8.825199199199199711e+02 1.428493580406377608e-04
8.825599599599599969e+02 1.419635705238743147e-04
8.826000000000000227e+02 1.410874356644696689e-04
